/home/oliv/Documents/mlHollf/TrainYourOwnYOLO/Data/Source_Images/Training_Images/vott-csv-export/20200322_221439.jpg 3120,842,3236,1181,0 2800,1047,3191,1569,1 1439,970,3023,1073,2 2345,543,2479,1044,3 1866,1027,1986,1494,4 1276,606,1689,987,5 1234,492,1903,648,6 3789,588,4128,665,2 1305,2150,2695,2322,6
/home/oliv/Documents/mlHollf/TrainYourOwnYOLO/Data/Source_Images/Training_Images/vott-csv-export/20200322_221428.jpg 2185,1472,2903,1606,7 1655,201,1724,870,3 1191,1549,2134,1650,2 880,930,1667,990,2 345,1591,1080,1648,2 125,1249,342,1902,8 1068,1546,1202,1651,9 1648,872,1782,977,9 239,1563,373,1668,9 2090,1476,2224,1581,9 761,913,895,1019,9 1148,965,1672,1557,10 301,997,825,1590,10 1716,977,2167,1513,11 835,1010,1154,1551,11
/home/oliv/Documents/mlHollf/TrainYourOwnYOLO/Data/Source_Images/Training_Images/vott-csv-export/20200322_221408.jpg 2769,1613,3447,1791,6 1177,1588,1778,1722,6 1499,1202,3043,1245,2 2538,725,2635,1215,3 2860,1221,3322,1634,5 1322,1272,1652,1611,5 111,913,276,1415,12
/home/oliv/Documents/mlHollf/TrainYourOwnYOLO/Data/Source_Images/Training_Images/vott-csv-export/20200322_221403.jpg 2570,1361,2920,1782,1 1359,845,1499,1831,6 1493,1010,2818,1284,13 2914,1024,3025,1517,12 1484,1252,2826,1388,14
/home/oliv/Documents/mlHollf/TrainYourOwnYOLO/Data/Source_Images/Training_Images/vott-csv-export/20200322_221422.jpg 2424,1027,2638,1611,8 3023,737,3590,919,15 3735,1232,3946,1776,12 2940,1913,3553,2107,16 3441,1455,3704,1682,5 2749,1423,2937,1682,5 3265,993,3441,1415,3 2869,1402,3592,1457,2
/home/oliv/Documents/mlHollf/TrainYourOwnYOLO/Data/Source_Images/Training_Images/vott-csv-export/20200322_221446.jpg 0,1229,368,1802,1 319,979,450,1355,12 1091,711,1741,828,17 2128,814,2664,990,7 1718,440,2479,591,6 1800,1657,2459,1879,6 2196,1261,2336,1603,12 2083,563,2151,1674,18
/home/oliv/Documents/mlHollf/TrainYourOwnYOLO/Data/Source_Images/Training_Images/vott-csv-export/20200322_221454.jpg 2743,1175,3382,1643,1 3900,1321,4128,1685,1 2219,24,2855,264,16 154,0,738,281,1 100,1232,652,1369,7 26,44,168,1882,18 1518,1271,2778,1489,14 1376,486,1547,2007,6
/home/oliv/Documents/mlHollf/TrainYourOwnYOLO/Data/Source_Images/Training_Images/vott-csv-export/20200322_221503.jpg 3137,725,3302,1682,6 1125,1158,3159,1252,2 2011,577,2154,1212,3 2476,1212,2644,1745,4 1299,702,1632,1190,1 883,882,1105,1645,8
/home/oliv/Documents/mlHollf/TrainYourOwnYOLO/Data/Source_Images/Training_Images/vott-csv-export/20200322_221507.jpg 2649,700,2966,1335,12 1245,1019,2709,1107,2 2342,1104,2544,1708,4 1675,611,1786,1059,3 889,1084,1530,1714,5
/home/oliv/Documents/mlHollf/TrainYourOwnYOLO/Data/Source_Images/Training_Images/vott-csv-export/20200322_221522.jpg 1020,1184,2934,1372,14 2476,1312,3299,1893,5 2977,836,3202,1432,0 2362,606,2535,1207,3 1128,822,1894,1210,13 1612,1341,1795,1984,4 621,1383,1199,1930,1 630,976,840,1560,8
/home/oliv/Documents/mlHollf/TrainYourOwnYOLO/Data/Source_Images/Training_Images/vott-csv-export/20200322_221603.jpg 2860,717,3131,1520,6 2430,987,2940,1480,1 2347,788,2481,1210,3 1157,1201,2436,1309,2 1487,910,2288,1227,13 1336,1275,1453,1768,4 1000,984,1174,1691,6
/home/oliv/Documents/mlHollf/TrainYourOwnYOLO/Data/Source_Images/Training_Images/vott-csv-export/20200322_221542.jpg 1704,446,2615,788,13 3231,409,3387,814,3 2877,802,2971,1358,4 3541,506,3678,1030,12 849,469,1046,1076,19 786,785,1681,1828,1
/home/oliv/Documents/mlHollf/TrainYourOwnYOLO/Data/Source_Images/Training_Images/vott-csv-export/20200322_221611.jpg 1208,925,1379,1517,6 1869,697,2407,899,6 1573,1167,2404,1306,14 2402,1150,2806,1312,7 1330,1623,1818,1782,6 1991,1742,2664,1896,6 2139,1292,2481,1759,1 1433,1289,1718,1634,5 1367,987,1612,1398,5 1951,902,2188,1172,5
/home/oliv/Documents/mlHollf/TrainYourOwnYOLO/Data/Source_Images/Training_Images/vott-csv-export/20200322_221552.jpg 607,759,2282,899,2 843,472,1382,856,13 1769,853,1909,1258,4 2014,489,2148,796,3 2336,554,2490,987,12 444,423,647,1341,6
/home/oliv/Documents/mlHollf/TrainYourOwnYOLO/Data/Source_Images/Training_Images/vott-csv-export/20200322_221558.jpg 1875,321,3684,474,6 2629,175,3037,306,15 2709,460,2855,1700,20 2843,668,3481,816,7 2242,1059,2743,1181,17 2966,1378,3108,1833,12 2570,1694,2991,2281,1 2570,1694,2991,2281,20
/home/oliv/Documents/mlHollf/TrainYourOwnYOLO/Data/Source_Images/Training_Images/vott-csv-export/20200322_221722.jpg 270,990,1013,1048,2 986,850,1110,1182,6 552,1027,676,1474,3 252,1040,323,1335,4 67,895,186,1219,19
/home/oliv/Documents/mlHollf/TrainYourOwnYOLO/Data/Source_Images/Training_Images/vott-csv-export/20200322_221702.jpg 465,355,570,827,6 554,1385,660,1853,6 647,1451,852,1753,5 552,498,807,737,5 799,648,862,1622,18 754,500,1002,663,15 760,1740,1013,1851,21
/home/oliv/Documents/mlHollf/TrainYourOwnYOLO/Data/Source_Images/Training_Images/vott-csv-export/20200322_221617.jpg 2917,825,3199,1554,6 2621,885,3031,1437,5 1225,1190,2627,1304,2 1416,922,2225,1267,13 2373,637,2490,1244,3 2373,637,2490,1244,1 1094,1312,1450,1731,1 1034,913,1299,1440,8 1023,1677,1940,1919,6
/home/oliv/Documents/mlHollf/TrainYourOwnYOLO/Data/Source_Images/Training_Images/vott-csv-export/20200322_221727.jpg 2880,782,3065,1569,6 3117,734,3336,1440,12 1003,879,1177,1668,6 806,950,966,1611,19 1889,1144,2023,1526,4 1191,1033,2889,1261,2 1387,711,2635,1181,13
/home/oliv/Documents/mlHollf/TrainYourOwnYOLO/Data/Source_Images/Training_Images/vott-csv-export/20200322_221758.jpg 726,506,1427,697,6 661,10,1319,181,6 1558,1651,2607,1873,6 1909,1275,2285,1674,1 769,668,1188,1130,1 595,933,840,1537,19 875,1118,2157,1269,14 2148,1130,2795,1292,7
/home/oliv/Documents/mlHollf/TrainYourOwnYOLO/Data/Source_Images/Training_Images/vott-csv-export/20200322_221802.jpg 618,73,1288,215,6 661,571,1390,745,6 1541,1705,2652,1893,6 1909,1309,2271,1728,1 738,700,1157,1184,1 550,1021,801,1566,19 849,1147,2162,1321,14 2134,1150,2783,1289,7
/home/oliv/Documents/mlHollf/TrainYourOwnYOLO/Data/Source_Images/Training_Images/vott-csv-export/20200322_221733.jpg 2857,990,3547,1181,7 2196,794,2758,1007,22 1818,1033,2840,1175,2 1402,959,1829,1406,1 1268,913,1433,1554,6
/home/oliv/Documents/mlHollf/TrainYourOwnYOLO/Data/Source_Images/Training_Images/vott-csv-export/20200322_221751.jpg 2228,2201,2832,2322,6 2772,761,2988,1617,6 1356,1155,2795,1301,2 1501,1228,2738,1684,23 1744,1036,2302,1190,15 903,1141,1350,1512,1
/home/oliv/Documents/mlHollf/TrainYourOwnYOLO/Data/Source_Images/Training_Images/vott-csv-export/20200322_221741.jpg 1575,1039,2835,1269,14 2282,731,2857,1104,13 2786,927,3080,1432,12 2006,1247,2108,1606,4 1268,1207,1721,1551,5 1108,1529,1783,1668,6 1162,2098,1863,2272,6
/home/oliv/Documents/mlHollf/TrainYourOwnYOLO/Data/Source_Images/Training_Images/vott-csv-export/20200322_221804.jpg 741,621,881,1266,20 507,366,876,574,15 612,1274,928,1382,21 894,1164,1073,1364,5 1047,1093,1149,1461,6
/home/oliv/Documents/mlHollf/TrainYourOwnYOLO/Data/Source_Images/Training_Images/vott-csv-export/20200322_221814.jpg 533,995,776,1114,21 338,940,873,1003,2 186,677,399,1295,6 702,721,773,953,3 839,742,957,1303,6
/home/oliv/Documents/mlHollf/TrainYourOwnYOLO/Data/Source_Images/Training_Images/vott-csv-export/20200322_221817.jpg 723,316,835,1406,6 1123,656,1306,1295,6 570,1132,768,1316,5 562,345,768,524,5 375,253,633,374,22 402,1200,647,1369,21 475,387,573,1232,20 276,964,486,1045,17
/home/oliv/Documents/mlHollf/TrainYourOwnYOLO/Data/Source_Images/Training_Images/vott-csv-export/20200322_221812.jpg 204,416,325,1174,6 315,821,873,906,2 512,537,607,866,3 870,840,1089,932,7 731,900,994,1082,16
/home/oliv/Documents/mlHollf/TrainYourOwnYOLO/Data/Source_Images/Training_Images/vott-csv-export/20200322_221806.jpg 2174,671,2342,1318,6 1892,779,2231,1153,5 1456,551,1587,1047,4 1601,1135,1758,1463,3 1008,796,1253,1389,8 769,816,886,1566,6 875,1016,1892,1238,14
/home/oliv/Documents/mlHollf/TrainYourOwnYOLO/Data/Source_Images/Training_Images/vott-csv-export/20200322_221827.jpg 573,1306,625,2067,18 428,1240,583,1377,5 425,1703,589,1877,5 444,1951,597,2061,5 607,1503,812,1577,7 620,1806,907,1924,17 223,2017,589,2156,7 541,2043,723,2161,21
/home/oliv/Documents/mlHollf/TrainYourOwnYOLO/Data/Source_Images/Training_Images/vott-csv-export/20200322_221835.jpg 370,124,815,355,15 594,498,839,582,7 562,297,657,1277,18 328,711,589,785,17 631,1119,931,1195,17 454,1164,639,1364,5
/home/oliv/Documents/mlHollf/TrainYourOwnYOLO/Data/Source_Images/Training_Images/vott-csv-export/20200322_221842.jpg 914,1007,1296,1497,1 2245,1175,2678,1688,1 2649,1019,2820,1876,6 1043,1429,2248,1557,2 1459,1267,2108,1494,13 806,1352,1011,1808,19 823,888,1459,1041,6
/home/oliv/Documents/mlHollf/TrainYourOwnYOLO/Data/Source_Images/Training_Images/vott-csv-export/20200322_221853.jpg 3037,859,3171,1443,6 2735,905,3025,1235,1 1840,1053,2721,1138,2 1960,811,2402,1107,13 2148,1138,2561,1343,16 1068,1061,1835,1212,17 356,819,550,1512,0 0,1383,356,1956,23 0,1010,325,1386,14
/home/oliv/Documents/mlHollf/TrainYourOwnYOLO/Data/Source_Images/Training_Images/vott-csv-export/20200322_221844.jpg 977,537,1103,1543,18 761,420,1330,586,6 1100,836,1276,1343,12 456,942,1031,1121,17 983,1546,1085,2022,4
/home/oliv/Documents/mlHollf/TrainYourOwnYOLO/Data/Source_Images/Training_Images/vott-csv-export/20200322_221905.jpg 1265,831,2450,1002,14 2367,708,2561,1098,0 2253,523,2362,819,4 1550,494,1667,845,3 1065,677,1310,1084,8 994,1007,1450,1469,5 863,1435,1675,1588,6 1524,1013,2225,1258,23
/home/oliv/Documents/mlHollf/TrainYourOwnYOLO/Data/Source_Images/Training_Images/vott-csv-export/20200322_221850.jpg 1521,859,3185,1293,14 2481,261,2624,899,4 2148,1247,3233,1836,23 3208,654,3399,1323,0 1137,1306,1684,2081,1 932,603,1410,1694,8 1023,2053,1772,2272,6
/home/oliv/Documents/mlHollf/TrainYourOwnYOLO/Data/Source_Images/Training_Images/vott-csv-export/20200322_221908.jpg 2849,523,2983,1004,6 2849,523,2983,1004,14 1570,771,2601,1084,14 2598,614,2914,890,5 2384,480,2473,822,3 2259,927,2359,1295,4 1692,677,2151,910,13 1741,1007,2097,1150,21 852,970,1570,1110,17
/home/oliv/Documents/mlHollf/TrainYourOwnYOLO/Data/Source_Images/Training_Images/vott-csv-export/20200322_221911.jpg 1373,1019,2615,1304,14 1641,799,2336,1147,13 2535,839,2706,1267,0 2376,1172,2510,1591,4 2000,1241,2117,1583,3 1142,1298,1584,1831,1
/home/oliv/Documents/mlHollf/TrainYourOwnYOLO/Data/Source_Images/Training_Images/vott-csv-export/20200322_221919.jpg 1091,1033,1769,1113,2 1789,836,1906,1138,12 1259,814,1775,1056,13 1171,1098,1253,1415,4 692,990,1071,1241,1 604,925,689,1326,6
/home/oliv/Documents/mlHollf/TrainYourOwnYOLO/Data/Source_Images/Training_Images/vott-csv-export/20200322_221922.jpg 504,1651,1271,1822,6 858,714,897,1326,18 721,1326,989,1660,1 880,842,1339,953,17 558,1138,866,1255,17 726,617,855,851,5 806,580,1063,754,15 630,560,744,984,6
/home/oliv/Documents/mlHollf/TrainYourOwnYOLO/Data/Source_Images/Training_Images/vott-csv-export/20200322_221916.jpg 1134,1335,1396,1739,5 1085,1127,1216,1520,19 1291,1267,3043,1335,2 2581,791,2715,1284,3 1649,865,1746,1298,3 1989,765,2091,1306,4 2071,1321,2396,1671,5 2914,1326,3199,1691,5 3080,1027,3231,1418,0
/home/oliv/Documents/mlHollf/TrainYourOwnYOLO/Data/Source_Images/Training_Images/vott-csv-export/20200322_221913.jpg 1601,1443,2171,1648,6 1732,1010,2131,1469,1 2006,757,2191,1118,12 1151,942,1934,1024,14 1396,1019,1518,1315,4 1350,708,1815,947,13 1051,634,1168,1298,6
/home/oliv/Documents/mlHollf/TrainYourOwnYOLO/Data/Source_Images/Training_Images/vott-csv-export/20200322_221929.jpg 2641,1093,3231,1212,14 2521,1195,2786,1534,1 3205,873,3316,1474,6 2780,922,3168,1118,13 2507,839,2763,1244,8
/home/oliv/Documents/mlHollf/TrainYourOwnYOLO/Data/Source_Images/Training_Images/vott-csv-export/20200322_221931.jpg 3142,1004,3233,1631,6 2581,1247,3157,1338,14 2706,1050,3100,1255,13 2461,1306,2704,1688,1 2439,982,2692,1409,8
/home/oliv/Documents/mlHollf/TrainYourOwnYOLO/Data/Source_Images/Training_Images/vott-csv-export/20200322_221935.jpg 2729,705,2937,1768,6 2430,930,2795,1566,5 1097,859,1954,1201,13 1892,1398,2328,1762,23 513,1512,1162,2312,1 852,1167,2402,1489,14 353,1309,840,1483,17
/home/oliv/Documents/mlHollf/TrainYourOwnYOLO/Data/Source_Images/Training_Images/vott-csv-export/20200322_221940.jpg 917,862,2923,973,2 2937,648,3097,1076,12 707,514,994,1187,8 1285,965,1407,1392,4 2498,910,2607,1554,4 1709,566,2060,908,5 1618,460,2157,577,6
/home/oliv/Documents/mlHollf/TrainYourOwnYOLO/Data/Source_Images/Training_Images/vott-csv-export/20200322_221944.jpg 1632,1697,2410,1890,6 2652,2110,2966,2306,22 2595,1366,2792,1682,0 1456,1355,1601,1668,19 1587,1443,2578,1517,2 1838,1212,2296,1463,13 1932,1497,2174,1734,5
/home/oliv/Documents/mlHollf/TrainYourOwnYOLO/Data/Source_Images/Training_Images/vott-csv-export/20200322_221946.jpg 1880,1215,2333,1509,13 1578,1472,2669,1554,2 1966,1523,2174,1768,5 1667,1757,2436,1913,6 2675,1375,2843,1739,0 1436,1395,1587,1714,19
/home/oliv/Documents/mlHollf/TrainYourOwnYOLO/Data/Source_Images/Training_Images/vott-csv-export/20200322_221951.jpg 1655,643,1818,1910,18 1553,993,1732,1349,5 1461,671,1598,1560,6 1644,560,2043,771,15 1752,888,2308,1004,17 1698,1574,2376,1688,7 1501,1836,1974,2061,21
/home/oliv/Documents/mlHollf/TrainYourOwnYOLO/Data/Source_Images/Training_Images/vott-csv-export/20200322_221958.jpg 1558,677,1718,2150,2 1618,1708,2382,1890,7 1689,956,2302,1093,17 1530,586,1986,842,15 1390,2039,1912,2281,21 1447,1070,1624,1474,5 1310,754,1493,1694,6
/home/oliv/Documents/mlHollf/TrainYourOwnYOLO/Data/Source_Images/Training_Images/vott-csv-export/20200322_222001.jpg 1746,204,2404,315,6 2000,16,2182,218,5 1507,0,1658,158,19 2627,0,2786,198,8 2883,882,3088,1281,5 2815,694,2949,1611,2 2479,1386,2900,1526,17 2661,916,2832,999,17 2644,782,2832,862,17 2584,1019,2855,1121,7 2573,1124,2846,1241,7 2709,1563,3054,1725,16 2661,597,2971,751,22 3094,685,3225,1645,6
/home/oliv/Documents/mlHollf/TrainYourOwnYOLO/Data/Source_Images/Training_Images/vott-csv-export/20200322_222006.jpg 997,472,1866,640,6 809,2050,1669,2210,6 946,1517,1393,2067,1 1154,620,1296,1486,2 1262,919,1957,1053,17
/home/oliv/Documents/mlHollf/TrainYourOwnYOLO/Data/Source_Images/Training_Images/vott-csv-export/20200322_222010.jpg 1558,1107,2857,1335,2 1755,1264,2211,1608,5 2544,1147,2669,1512,4 2145,688,2299,1175,3 2818,993,2991,1486,6 1744,1569,2302,1765,6 1393,1027,1564,1665,6
/home/oliv/Documents/mlHollf/TrainYourOwnYOLO/Data/Source_Images/Training_Images/vott-csv-export/20200322_222020.jpg 926,1041,2225,1161,2 2236,873,2402,1272,5 590,1036,900,1455,5 929,1087,2248,1432,23 1504,645,1612,1110,3
/home/oliv/Documents/mlHollf/TrainYourOwnYOLO/Data/Source_Images/Training_Images/vott-csv-export/20200322_222013.jpg 1111,962,2686,1138,2 1607,1104,1758,1486,4 1248,725,1621,1087,5 1097,608,1775,722,6 1872,791,2581,1056,13 2709,802,2914,1076,1 2917,731,3025,1201,6 826,902,1097,1358,1 678,816,858,1529,6
/home/oliv/Documents/mlHollf/TrainYourOwnYOLO/Data/Source_Images/Training_Images/vott-csv-export/20200322_222017.jpg 849,457,1313,910,5 1026,859,2547,1093,14 1575,611,2350,899,13 342,939,1031,1067,7 2570,859,3276,984,6 2601,711,2795,1244,0 2214,1047,2675,1560,1 2077,1557,2778,1717,6
/home/oliv/Documents/mlHollf/TrainYourOwnYOLO/Data/Source_Images/Training_Images/vott-csv-export/20200322_222034.jpg 684,1198,1786,1315,2 1547,899,1658,1232,3 969,1298,1077,1603,4 1105,1036,1359,1249,5 1661,1241,1877,1420,5 533,1067,709,1608,6 1074,927,1444,1039,6 1536,1395,2051,1563,6
/home/oliv/Documents/mlHollf/TrainYourOwnYOLO/Data/Source_Images/Training_Images/vott-csv-export/20200322_222115.jpg 393,0,1097,435,5 123,398,1313,554,6 1761,643,2308,779,6 607,637,1140,796,6 1875,757,2214,1050,5 658,788,983,1121,5 806,1056,2068,1167,2 1692,1124,1894,1623,3 1026,1150,1174,1423,4 1282,930,1721,1027,15 553,1036,752,1301,19 2077,973,2245,1238,12
/home/oliv/Documents/mlHollf/TrainYourOwnYOLO/Data/Source_Images/Training_Images/vott-csv-export/20200322_222040.jpg 746,1113,2185,1187,2 2168,828,2299,1571,6 1367,822,1749,1133,5 610,851,766,1606,6 1259,691,1860,819,6 1054,1167,1142,1551,4 1880,1138,2014,1500,4 889,0,1299,249,1
/home/oliv/Documents/mlHollf/TrainYourOwnYOLO/Data/Source_Images/Training_Images/vott-csv-export/20200322_222105.jpg 989,1361,3125,1403,2 467,1412,1185,2187,5 698,1098,940,1554,8 2780,568,2986,1369,4 1382,990,2251,1375,13 3105,1150,3598,1711,5 157,2150,1433,2322,6 3535,1004,3698,1879,6
/home/oliv/Documents/mlHollf/TrainYourOwnYOLO/Data/Source_Images/Training_Images/vott-csv-export/20200322_222037.jpg 989,1272,1379,1794,1 1191,1064,2558,1255,2 1843,1170,1983,1640,4 1706,677,2524,1153,13 3917,828,4051,1030,5 3840,748,3997,1178,6 1476,2221,1983,2322,6
/home/oliv/Documents/mlHollf/TrainYourOwnYOLO/Data/Source_Images/Training_Images/vott-csv-export/20200322_222054.jpg 1926,2036,2390,2158,6 2011,2150,2302,2318,5 994,2235,1256,2322,5 932,2121,1385,2227,6 496,1868,1527,2039,6 738,1249,1322,1925,5 920,1030,1117,1412,8 2629,577,2769,1190,4 1490,925,2191,1238,13 1162,1195,2912,1272,2 2923,1019,3293,1457,5 3276,882,3390,1594,6 3786,597,4000,1304,6
/home/oliv/Documents/mlHollf/TrainYourOwnYOLO/Data/Source_Images/Training_Images/vott-csv-export/20200322_222122.jpg 940,1580,1251,1890,5 1148,1457,2031,1603,14 1595,1150,1718,1469,3 2026,1323,2177,1671,12 479,1882,1325,2053,6
/home/oliv/Documents/mlHollf/TrainYourOwnYOLO/Data/Source_Images/Training_Images/vott-csv-export/20200322_222125.jpg 1621,778,1701,1808,18 1390,1754,2094,1970,6 1367,628,2097,768,6 1687,930,2290,1059,17 832,1258,1661,1443,17 1704,1506,2182,1643,7
/home/oliv/Documents/mlHollf/TrainYourOwnYOLO/Data/Source_Images/Training_Images/vott-csv-export/20200322_222128.jpg 1396,1113,1630,1389,1 909,1148,1159,1472,1 709,1033,1897,1172,2 1849,768,1969,1041,3 1177,779,1308,1118,3 436,865,621,1477,8
/home/oliv/Documents/mlHollf/TrainYourOwnYOLO/Data/Source_Images/Training_Images/vott-csv-export/20200322_222119.jpg 2020,902,2128,1372,6 1706,970,2037,1258,1 1701,574,1732,1737,18 1524,1745,1900,1868,21 1610,466,1963,608,15 809,671,1706,990,7 672,1540,1664,1688,7 1470,1247,1675,1494,5 1382,1144,1513,1574,6
/home/oliv/Documents/mlHollf/TrainYourOwnYOLO/Data/Source_Images/Training_Images/vott-csv-export/20200322_222131.jpg 869,1198,2441,1326,2 1085,885,1783,1304,13 1687,1249,1986,1614,5 732,1326,957,1660,5 1974,905,2273,1212,5 2427,1155,3159,1261,7 2553,922,2732,1392,12 1829,725,2607,922,6 1584,1588,2256,1774,6 558,1654,1185,1822,6
/home/oliv/Documents/mlHollf/TrainYourOwnYOLO/Data/Source_Images/Training_Images/vott-csv-export/20200322_222254.jpg 940,1138,2937,1229,2 1838,1192,2162,1537,5 766,990,969,1418,8 2920,982,3040,1306,12 1641,1517,2410,1717,6
/home/oliv/Documents/mlHollf/TrainYourOwnYOLO/Data/Source_Images/Training_Images/vott-csv-export/20200322_222229.jpg 1202,1289,2159,1549,14 1906,896,2071,1292,4 2137,1284,2783,1474,17 1037,1583,1259,1822,5 934,1195,1188,1603,8 2644,2116,2772,2322,4
/home/oliv/Documents/mlHollf/TrainYourOwnYOLO/Data/Source_Images/Training_Images/vott-csv-export/20200322_222237.jpg 1618,782,2065,1412,1 1396,1412,2316,1446,2 1188,702,2567,794,2 2367,426,2473,725,4 1322,440,1453,737,3 0,791,191,1497,6 966,0,1179,172,5
/home/oliv/Documents/mlHollf/TrainYourOwnYOLO/Data/Source_Images/Training_Images/vott-csv-export/20200322_222248.jpg 1863,1158,3082,1221,2 1789,1198,2308,1657,5 1644,1577,2624,1833,6 3031,916,3194,1338,12 1863,785,1997,1181,3
/home/oliv/Documents/mlHollf/TrainYourOwnYOLO/Data/Source_Images/Training_Images/vott-csv-export/20200322_222136.jpg 1051,1574,1655,1720,6 1085,1127,1273,1437,5 1231,1329,1501,1588,5 1302,1175,2464,1346,14 1823,950,2422,1184,13 2484,1187,3296,1338,7 2587,930,2772,1443,12 2353,1341,2461,1819,4 960,1027,1111,1577,6
/home/oliv/Documents/mlHollf/TrainYourOwnYOLO/Data/Source_Images/Training_Images/vott-csv-export/20200322_222301.jpg 1353,634,1453,1720,18 1456,1318,1786,1437,7 1419,1178,1761,1298,7 1439,1047,1718,1167,7 1416,896,1698,1036,7 1442,1563,2139,1742,17 1370,529,1997,674,17 1148,1135,1367,1432,5 1040,953,1168,1563,6
/home/oliv/Documents/mlHollf/TrainYourOwnYOLO/Data/Source_Images/Training_Images/vott-csv-export/20200322_222257.jpg 2245,848,2305,1916,18 2285,1477,2493,1799,5 2131,1922,2367,2224,1 2196,625,2419,833,1 2145,509,2584,625,6 2484,1380,2610,1925,6 2048,2232,2427,2322,6 1413,1164,2231,1309,17
/home/oliv/Documents/mlHollf/TrainYourOwnYOLO/Data/Source_Images/Training_Images/vott-csv-export/20200322_222321.jpg 2251,13,2422,221,1 2194,215,2461,355,6 1541,1688,2669,1833,2 2493,1722,2741,1956,1 1399,1833,1661,2030,5 1390,1557,1584,1896,8 2672,1526,2843,1799,12 2453,1950,2823,2081,6 1302,1996,1729,2141,6
/home/oliv/Documents/mlHollf/TrainYourOwnYOLO/Data/Source_Images/Training_Images/vott-csv-export/20200322_222328.jpg 892,1945,1484,2113,6 1043,1634,1393,1984,1 1165,677,1236,1651,18 792,959,1205,1098,17 1026,540,1550,682,6
/home/oliv/Documents/mlHollf/TrainYourOwnYOLO/Data/Source_Images/Training_Images/vott-csv-export/20200322_222337.jpg 1120,1244,2325,1295,2 2020,1295,2142,1648,4 1256,868,1430,1267,3 858,1284,1205,1620,5 2325,1027,2669,1420,1 2669,919,2803,1512,6 758,1577,1387,1739,6
/home/oliv/Documents/mlHollf/TrainYourOwnYOLO/Data/Source_Images/Training_Images/vott-csv-export/20200322_222340-10.jpg 823,782,1664,1779,1 1262,748,3379,819,2 2866,822,2997,1349,4 3239,420,3384,805,3 1681,440,2615,782,13 3547,494,3684,1016,12 852,509,1046,1059,8
/home/oliv/Documents/mlHollf/TrainYourOwnYOLO/Data/Source_Images/Training_Images/vott-csv-export/20200322_222340-1.jpg 1541,1201,3028,1261,2 2561,725,2632,1195,3 2877,1229,3302,1643,5 1322,1281,1638,1611,5 1661,1910,1732,2322,18 125,922,256,1418,12 2755,1606,3439,1779,6 1174,1577,1789,1705,6
/home/oliv/Documents/mlHollf/TrainYourOwnYOLO/Data/Source_Images/Training_Images/vott-csv-export/20200322_222340-11.jpg 613,779,2262,888,2 1792,839,1917,1244,4 2037,474,2134,814,3 2342,554,2507,962,12 849,489,1390,859,13 462,446,650,1338,6
/home/oliv/Documents/mlHollf/TrainYourOwnYOLO/Data/Source_Images/Training_Images/vott-csv-export/20200322_222340-12.jpg 2729,455,2846,1688,20 2857,688,3476,825,7 2262,1047,2738,1170,17 2969,1406,3125,1808,12 2567,1694,2994,2301,1 2644,175,3034,341,15 1897,286,3695,506,6
/home/oliv/Documents/mlHollf/TrainYourOwnYOLO/Data/Source_Images/Training_Images/vott-csv-export/20200322_222340-0.jpg 1473,1235,2795,1389,14 1490,1010,2812,1272,13 2894,1050,3054,1497,12 2575,1380,2917,1788,1 1390,876,1481,1805,6
/home/oliv/Documents/mlHollf/TrainYourOwnYOLO/Data/Source_Images/Training_Images/vott-csv-export/20200322_222340-17.jpg 560,1422,657,1867,6 636,1485,828,1738,5 560,500,807,727,5 791,658,873,1632,18 770,1727,1020,1853,21 754,513,989,682,15 470,387,573,819,6
/home/oliv/Documents/mlHollf/TrainYourOwnYOLO/Data/Source_Images/Training_Images/vott-csv-export/20200322_222340-13.jpg 2863,725,3122,1494,6 2456,959,2943,1452,1 1157,1192,2441,1309,2 2342,791,2470,1238,3 1518,902,2296,1267,13 1348,1306,1450,1768,4 974,1030,1188,1671,6
/home/oliv/Documents/mlHollf/TrainYourOwnYOLO/Data/Source_Images/Training_Images/vott-csv-export/20200322_222340-14.jpg 1587,1158,2402,1289,14 2185,1295,2487,1748,1 1459,1304,1701,1651,5 1359,976,1607,1380,5 1949,879,2171,1178,5 1872,697,2413,882,6 1259,916,1359,1494,6 1345,1634,1781,1771,6 1986,1714,2618,1910,6 2382,1164,2832,1275,7
/home/oliv/Documents/mlHollf/TrainYourOwnYOLO/Data/Source_Images/Training_Images/vott-csv-export/20200322_222340-15.jpg 1225,1210,2610,1301,2 1091,1338,1436,1731,1 2595,936,3031,1435,5 2926,856,3157,1574,6 1037,1685,1949,1925,6 1419,962,2205,1249,13 2367,634,2507,1244,3 1054,925,1293,1426,8
/home/oliv/Documents/mlHollf/TrainYourOwnYOLO/Data/Source_Images/Training_Images/vott-csv-export/20200322_222340-19.jpg 733,632,891,1258,20 899,1182,1070,1358,5 1052,1143,1144,1445,6 652,1277,918,1374,21 531,376,868,571,15
/home/oliv/Documents/mlHollf/TrainYourOwnYOLO/Data/Source_Images/Training_Images/vott-csv-export/20200322_222340-18.jpg 259,1003,1007,1043,2 999,877,1099,1161,6 554,1029,676,1477,3 236,1029,323,1340,4 73,885,183,1224,19
/home/oliv/Documents/mlHollf/TrainYourOwnYOLO/Data/Source_Images/Training_Images/vott-csv-export/20200322_222340-3.jpg 1162,945,1681,1566,10 315,975,833,1596,10 1718,945,2142,1517,24 826,990,1148,1549,10 872,919,1681,990,2 1182,1497,2131,1614,2 356,1588,1085,1674,2 2199,1457,2872,1614,7 1612,212,1752,862,3 171,1286,285,1876,8 1077,1540,1185,1654,9 1654,872,1762,986,9 786,922,895,1036,9 258,1570,366,1684,9 2100,1474,2208,1588,9
/home/oliv/Documents/mlHollf/TrainYourOwnYOLO/Data/Source_Images/Training_Images/vott-csv-export/20200322_222340-4.jpg 1299,620,1704,973,5 1262,517,1877,651,6 1430,990,3017,1070,2 2783,1059,3179,1586,1 3100,836,3268,1170,12 2362,549,2461,1050,3 2362,549,2461,1050,4 1897,1024,1971,1492,4 1296,2178,2669,2322,6
/home/oliv/Documents/mlHollf/TrainYourOwnYOLO/Data/Source_Images/Training_Images/vott-csv-export/20200322_222340-2.jpg 2407,1030,2627,1628,8 3031,751,3595,936,15 3743,1218,3960,1791,12 2954,1913,3518,2110,16 2894,1400,3595,1449,2 3433,1469,3695,1700,5 2746,1435,2946,1682,5
/home/oliv/Documents/mlHollf/TrainYourOwnYOLO/Data/Source_Images/Training_Images/vott-csv-export/20200322_222340-7.jpg 1142,1167,3151,1241,2 2484,1201,2649,1748,4 2017,600,2171,1204,3 1316,708,1624,1187,1 903,888,1091,1617,8 3120,734,3296,1663,6
/home/oliv/Documents/mlHollf/TrainYourOwnYOLO/Data/Source_Images/Training_Images/vott-csv-export/20200322_222340-6.jpg 117,1221,598,1358,7 162,0,692,281,1 1353,480,1553,1984,6 1518,1272,2758,1486,20 2746,1184,3376,1654,1 2248,27,2849,201,21
/home/oliv/Documents/mlHollf/TrainYourOwnYOLO/Data/Source_Images/Training_Images/vott-csv-export/20200322_222340-9.jpg 1117,845,1860,1210,13 1014,1181,2934,1389,14 2479,1309,3302,1888,5 615,1389,1182,1916,5 652,956,835,1569,8 2376,611,2510,1195,3 1618,1358,1795,1973,4 2966,833,3174,1415,0
/home/oliv/Documents/mlHollf/TrainYourOwnYOLO/Data/Source_Images/Training_Images/vott-csv-export/20200322_222340-5.jpg 0,1235,353,1796,1 325,973,456,1386,12 1065,702,1744,833,17 2125,833,2649,984,7 2085,580,2151,1682,18 1746,420,2504,597,6 1812,1648,2447,1888,6 2202,1244,2347,1588,12
/home/oliv/Documents/mlHollf/TrainYourOwnYOLO/Data/Source_Images/Training_Images/vott-csv-export/20200322_222340-8.jpg 1282,1019,2684,1113,2 1667,606,1789,1061,3 2353,1104,2533,1691,4 858,1081,1536,1685,5 2641,711,2931,1326,12
/home/oliv/Documents/mlHollf/TrainYourOwnYOLO/Data/Source_Images/Training_Images/vott-csv-export/20200322_222340.jpg 1068,1261,2886,1349,2 1724,1332,2060,1489,5 906,1323,1202,1497,5 823,1477,1382,1620,6 1718,1480,2222,1591,6 1427,993,1553,1318,3 2672,1278,2806,1577,4 2889,1041,3034,1400,12
/home/oliv/Documents/mlHollf/TrainYourOwnYOLO/Data/Source_Images/Training_Images/vott-csv-export/20200322_222346.jpg 2122,1572,2324,1785,5 946,1284,1154,1708,8 2460,1330,2587,1714,12 1185,1556,2429,1587,2 1256,1569,1339,1866,4 1996,1782,2454,1912,6 3933,1250,4051,1634,4 1341,1325,1754,1579,13
/home/oliv/Documents/mlHollf/TrainYourOwnYOLO/Data/Source_Images/Training_Images/vott-csv-export/20200322_222350.jpg 1107,1668,1355,1921,5 999,1921,1516,2021,6 2556,1875,3001,1977,6 2642,1593,2921,1866,1 956,1575,2751,1668,2 1154,11,1581,113,6
/home/oliv/Documents/mlHollf/TrainYourOwnYOLO/Data/Source_Images/Training_Images/vott-csv-export/20200322_222353.jpg 607,138,2507,234,2 634,469,1194,578,6 2259,423,2745,534,6 730,237,1039,482,5 2367,160,2639,426,1 1600,1254,1695,1331,9 1600,1254,1695,1331,2 466,1674,592,1788,9 1257,1676,1386,1795,9 1878,1637,1983,1736,9 321,1757,658,1971,5 1791,1705,2042,1890,5 213,1946,754,2113,6 1720,1860,2138,2008,6 962,1157,1076,1256,9 358,1132,971,1265,7 1277,751,1407,1705,3 573,1250,1006,1703,25 1056,1250,1333,1688,11 1400,802,1687,1276,11 584,1723,1318,1772,2 1376,1694,1884,1753,2 1674,1295,1910,1680,11 1372,1303,1650,1732,25 1680,1126,2361,1284,17 1045,770,1373,1209,25 1344,781,1420,855,9 1498,182,2246,469,23
/home/oliv/Documents/mlHollf/TrainYourOwnYOLO/Data/Source_Images/Training_Images/vott-csv-export/20200322_222348.jpg 1844,553,1955,1061,6 1804,1411,1912,1754,6 1961,664,2126,912,5 1909,1457,2104,1674,1 2082,606,2135,1798,2 2085,1674,2856,1810,17 2129,1101,2782,1216,17 2119,587,2748,720,7 3826,83,4119,185,6 3899,1,4119,104,5 2068,16,2508,158,6
/home/oliv/Documents/mlHollf/TrainYourOwnYOLO/Data/Source_Images/Training_Images/vott-csv-export/20200322_222356.jpg 999,621,1154,1163,6 1129,751,1373,1086,5 1299,1730,2252,1909,17 1655,1116,1788,1603,6 1346,1200,1683,1519,1 1250,856,1380,1977,2
/home/oliv/Documents/mlHollf/TrainYourOwnYOLO/Data/Source_Images/Training_Images/vott-csv-export/20200322_222359.jpg 436,655,677,1971,6 1352,1887,2252,2104,17 1835,1435,3085,1844,23 563,1872,1243,1949,2 658,866,1380,940,2 1519,847,2345,931,2 2457,897,3005,1435,11 1457,943,1825,1373,11 1089,1389,1281,1918,11 1157,1299,1785,1398,2 569,1383,1042,1881,25 1095,931,1432,1281,25 1312,1426,1844,1925,25 1927,931,2373,1383,25 1383,825,1537,965,9 2308,810,2509,959,9 2933,1383,3088,1538,9 1219,1863,1352,2011,9 987,1237,1175,1451,9 1791,1321,1955,1466,9 1091,1,2125,161,17
/home/oliv/Documents/mlHollf/TrainYourOwnYOLO/Data/Source_Images/Training_Images/vott-csv-export/20200322_222403.jpg 615,1918,1745,2191,6 2658,1203,2905,1863,6 1426,528,2432,1011,13 1141,1058,1537,1596,25 2008,1045,2379,1618,25 792,1624,1274,1999,5 1565,1070,1946,1596,11 1157,1590,1943,1680,2 2005,1516,2621,1646,2 1590,1005,2342,1095,2 2385,1030,2639,1525,11 1479,986,1599,1116,9 1042,1550,1178,1695,9 1912,1547,2026,1668,9 2605,1479,2723,1606,9 213,134,789,342,6 1758,125,2222,267,6 298,10,693,200,5 1833,4,2141,164,5
/home/oliv/Documents/mlHollf/TrainYourOwnYOLO/Data/Source_Images/Training_Images/vott-csv-export/20200322_222407.jpg 730,674,1417,863,6 1760,1067,2410,1197,17 1008,1643,1123,2107,3 888,1008,1058,1373,8 1411,1132,1736,1361,25 1107,1370,1398,1649,25 1033,1243,1120,1606,18 1017,878,1095,1203,18 1346,1033,1435,1305,18 1414,977,1708,1147,11 1086,816,1367,1008,11 1104,1014,1336,1216,25 1123,1188,1342,1349,11 1123,1188,1342,1349,9 1339,1299,1435,1401,9 1312,946,1423,1055,9 1683,1076,1776,1172,9 1017,1178,1110,1256,9 1030,1575,1151,1674,9
/home/oliv/Documents/mlHollf/TrainYourOwnYOLO/Data/Source_Images/Training_Images/vott-csv-export/20200322_222414.jpg 823,742,1411,887,6 1720,1064,2271,1178,17 1079,1565,1188,1934,3 977,1024,1117,1343,8 1417,1123,1683,1327,25 1151,1324,1404,1559,25 1141,1021,1367,1209,25 1092,1222,1172,1510,18 1079,915,1141,1178,18 1395,990,1661,1123,11 1141,866,1361,1014,11 1157,1188,1380,1308,11 1364,1055,1420,1284,18 1095,1500,1182,1575,9 1649,1070,1729,1163,9 1339,965,1423,1048,9 1358,1265,1423,1333,9 1064,841,1166,931,9
/home/oliv/Documents/mlHollf/TrainYourOwnYOLO/Data/Source_Images/Training_Images/vott-csv-export/20200322_222428.jpg 1531,1408,1674,1646,19 1937,1689,2314,1816,6 1989,1531,2225,1714,1 1602,1234,1745,1541,4 408,1219,792,1299,17 368,677,457,850,3 64,1553,166,1844,4 1404,262,1655,497,1 1612,1485,2156,1562,2 1974,256,2187,305,2 1615,247,1906,293,2 2163,2,2240,256,11 1853,5,1955,247,11 1599,2,1869,256,25 1931,5,2172,275,25 2184,243,2271,308,9 1890,231,1980,321,9 1568,240,1643,305,9 2,1070,166,1240,25 111,1274,392,1562,25 182,869,389,1058,25 377,894,439,1219,18 182,1064,389,1268,11 5,1243,368,1296,2 2,1324,104,1559,11 2,1562,80,1621,2 2,1033,135,1089,2 364,825,467,909,9 132,1024,207,1101,9 358,1212,426,1281,9 39,1519,143,1599,9
/home/oliv/Documents/mlHollf/TrainYourOwnYOLO/Data/Source_Images/Training_Images/vott-csv-export/20200322_222450.jpg 1420,810,1568,1538,6 1859,1389,2023,1708,4 2472,1364,2611,1730,4 2757,352,2875,559,3 2850,962,3308,1079,17 3918,0,4128,188,1 931,0,1064,160,3 1602,1089,1937,1373,11 2308,1033,2503,1352,11 2559,795,2822,1027,11 1989,801,2274,1039,11 2008,1364,2485,1454,2 2008,751,2503,810,2 2342,1002,2819,1064,2 1602,791,1952,1089,25 2559,559,2788,785,25 2540,1033,2853,1383,25 1980,1027,2302,1361,25 2305,801,2546,1017,25 1938,813,1992,1343,18 2794,599,2859,996,18 1937,754,2033,841,9 2500,745,2599,819,9 2246,983,2355,1070,9 1528,1030,1621,1138,9 1915,1318,2017,1416,9 2797,980,2875,1068,9 2438,1327,2561,1429,9 2775,538,2875,603,9
/home/oliv/Documents/mlHollf/TrainYourOwnYOLO/Data/Source_Images/Training_Images/vott-csv-export/20200322_222453.jpg 1708,624,1831,1002,4 1782,965,2231,1070,17 1958,1271,2461,1385,17 869,1237,1364,1398,7 1008,1832,1621,1977,6 1674,2178,2432,2322,6 1392,1008,1751,1315,25 1754,1027,1931,1315,11 1414,1296,1893,1361,2 1305,1333,1411,1841,18 1890,1271,1968,1352,9 1358,1293,1432,1361,9 2602,2,2763,253,4 2073,2,2249,191,4
/home/oliv/Documents/mlHollf/TrainYourOwnYOLO/Data/Source_Images/Training_Images/vott-csv-export/20200322_222456.jpg 1559,980,2735,1330,13 940,1962,1652,2089,6 2540,1925,3076,2030,6 1336,1373,1630,1630,25 1971,1333,2299,1630,25 2497,1352,2649,1640,25 1417,1599,1896,1677,2 1961,1618,2447,1692,2 2509,1615,2803,1686,2 1135,1668,1488,1986,5 1627,1358,1927,1630,11 2299,1367,2488,1627,11 2642,1352,2837,1599,11 2485,1664,2748,1925,11 2782,1643,2844,1903,18 1293,1606,1423,1689,9 1559,1318,1689,1398,9 1875,1584,1999,1680,9 2420,1599,2534,1705,9 2252,1312,2370,1404,9 2763,1565,2884,1668,9 2726,1869,2828,1970,9 2602,1321,2692,1373,9 1813,92,2259,228,6 1924,0,2132,112,1
/home/oliv/Documents/mlHollf/TrainYourOwnYOLO/Data/Source_Images/Training_Images/vott-csv-export/20200322_222426.jpg 1961,822,2085,1120,4 1228,1067,1667,1160,7 1153,1429,1411,1683,1 1689,1098,1983,1151,2 1773,1408,1999,1448,2 1417,1401,1701,1460,2 1961,1120,2051,1404,11 1652,1135,1751,1414,11 1404,1144,1652,1404,25 1751,1135,1977,1408,25 2002,1404,2061,1454,9 1705,1395,1785,1469,9 1364,1380,1429,1451,9 1643,1099,1708,1166,9 1952,1098,2020,1151,9 108,1872,213,2055,3 108,2048,213,2120,9 126,2104,166,2321,18 0,2061,157,2219,25
/home/oliv/Documents/mlHollf/TrainYourOwnYOLO/Data/Source_Images/Training_Images/vott-csv-export/20200322_222508.jpg 1285,834,1566,1438,8 2635,894,2891,1459,12 1315,1828,2767,1979,2 1560,1511,1656,1894,18 2411,1483,2493,1870,18 1853,1184,2236,1251,2 2321,1199,2592,1233,2 1533,1175,1792,1227,2 1619,1239,1819,1484,25 2496,1236,2668,1435,25 1478,922,1666,1181,25 2284,919,2496,1175,25 1460,1236,1614,1465,11 1684,949,1832,1184,11 2499,931,2644,1163,11 2276,1217,2481,1443,11 1545,1447,1656,1532,9 1768,1166,1859,1265,9 1638,897,1741,979,9 1445,1172,1542,1248,9 2441,868,2547,961,9 2215,1154,2345,1230,9 2574,1145,2683,1245,9 2393,1402,2517,1492,9
/home/oliv/Documents/mlHollf/TrainYourOwnYOLO/Data/Source_Images/Training_Images/vott-csv-export/20200322_222459.jpg 884,946,1039,1485,6 2673,869,2859,1451,6 1869,308,2048,897,4 1785,1494,1952,2027,3 990,1160,1482,1209,2 2286,1203,2704,1259,2 1556,1160,1859,1473,11 1977,915,2240,1219,11 1550,894,1927,1166,25 1900,1209,2256,1426,25 1828,1374,1958,1497,9 1457,1129,1590,1225,9 1893,853,2023,971,9 2203,1165,2317,1281,9
/home/oliv/Documents/mlHollf/TrainYourOwnYOLO/Data/Source_Images/Training_Images/vott-csv-export/20200322_222505.jpg 847,401,1024,1367,6 1482,1182,1652,1652,3 2175,1203,2308,1699,3 2720,1200,2878,1749,3 2837,934,3091,1411,0 1008,383,1349,785,11 1352,822,1599,1141,11 1999,832,2209,1163,11 2478,791,2797,1135,11 987,1104,1550,1163,2 1633,1132,2172,1206,2 2265,1135,2738,1203,2 2048,773,2426,838,2 1420,745,1937,822,2 1633,810,1977,1147,25 2218,825,2447,1157,25 1927,764,2064,866,9 2401,773,2503,878,9 999,804,1336,1115,25 1271,723,1442,856,9 1525,1073,1658,1200,9 2166,1113,2308,1235,9 2720,1120,2868,1211,9
/home/oliv/Documents/mlHollf/TrainYourOwnYOLO/Data/Source_Images/Training_Images/vott-csv-export/20200322_222503.jpg 1346,720,1587,1135,8 2172,731,2435,1151,12 1575,185,2333,333,6 1575,906,2101,968,2 1537,590,1872,940,25 1881,584,2138,940,11 1869,305,1931,553,18 1838,538,1946,630,9 2079,890,2218,1002,9 1482,894,1581,983,9
/home/oliv/Documents/mlHollf/TrainYourOwnYOLO/Data/Source_Images/Training_Images/vott-csv-export/20200324_112023.jpg 278,1312,946,1456,17 1317,646,1523,943,3 2513,683,2744,943,3 3339,1220,3941,1394,7 2708,1674,2884,1951,4 1450,1695,1657,1978,4 898,1015,1043,1671,18 2094,1011,2252,1664,18 3242,991,3346,1685,18 2264,1678,3273,1729,2 1019,1678,2137,1739,2 1019,926,2021,987,2 2173,916,3200,981,2 983,1367,1541,1705,25 1554,994,2100,1312,25 976,970,1517,1312,11 1547,1346,2161,1708,11 2119,981,2744,1278,11 2775,1295,3321,1702,11 2829,957,3230,1261,25 2216,1305,2787,1715,25 2112,1654,2295,1787,9 855,1661,1043,1777,9 837,871,1037,1022,9 1985,885,2216,1018,9 3175,858,3364,1001,9 3242,1654,3388,1773,9 1414,1244,1651,1398,9 2659,1203,2885,1350,9
/home/oliv/Documents/mlHollf/TrainYourOwnYOLO/Data/Source_Images/Training_Images/vott-csv-export/a0200322_222336.jpg 654,1544,1146,2050,1 1665,1514,2106,1965,1 3018,1510,3452,1811,5 1296,735,1621,1394,3 247,1374,876,1575,17 1997,946,2991,1401,13 3223,1322,3623,1544,7 807,1354,3254,1563,14
/home/oliv/Documents/mlHollf/TrainYourOwnYOLO/Data/Source_Images/Training_Images/vott-csv-export/a0200322_222329.jpg 1911,2245,2502,2652,5 1518,987,2079,1350,17 2144,1281,2694,1616,7 1628,1623,2038,2221,19 1860,383,2424,632,6 1997,571,2230,2294,20
/home/oliv/Documents/mlHollf/TrainYourOwnYOLO/Data/Source_Images/Training_Images/vott-csv-export/a0200322_222333.jpg 920,1128,2629,1674,23 3114,1100,3398,1698,3 3405,1664,3811,2043,5 869,1633,1272,2067,5 1037,1640,3654,1753,2
/home/oliv/Documents/mlHollf/TrainYourOwnYOLO/Data/Source_Images/Training_Images/vott-csv-export/a0200322_222327.jpg 1888,2106,2649,2344,6 2106,683,2383,2161,20 2321,919,2837,1152,7 1973,167,2543,362,6 2075,346,2413,718,1 1860,1391,2174,1913,8 2325,1401,2619,1913,0
/home/oliv/Documents/mlHollf/TrainYourOwnYOLO/Data/Source_Images/Training_Images/vott-csv-export/20200324_112041.jpg 353,1035,1145,1632,5 271,841,483,1223,19 961,577,1119,1015,4 1423,601,1539,1032,4 1905,612,2065,1039,3 2219,998,2376,1565,4 2595,690,2807,1589,6 456,964,2660,1059,2 329,1592,1149,1767,6
/home/oliv/Documents/mlHollf/TrainYourOwnYOLO/Data/Source_Images/Training_Images/vott-csv-export/a0200322_222322.jpg 359,1610,1294,1896,17 1928,981,3357,1674,13 917,1651,1594,2328,1 3353,1579,3808,2050,5 1251,1572,3627,1764,2
/home/oliv/Documents/mlHollf/TrainYourOwnYOLO/Data/Source_Images/Training_Images/vott-csv-export/a0200322_222320.jpg 376,1986,1392,2349,6 2936,1939,3750,2328,6 1327,478,1768,1288,4 2653,666,2988,1271,3 835,1240,3319,1357,2 500,1193,1351,2009,1 3005,1223,3623,2016,1 589,2860,1365,3017,6
/home/oliv/Documents/mlHollf/TrainYourOwnYOLO/Data/Source_Images/Training_Images/vott-csv-export/a0200322_222316.jpg 73,1104,363,2269,6 1262,1186,1881,1507,15 2745,851,3042,1541,3 3763,1415,3972,1924,0 1467,1784,1829,2720,4 316,1469,3647,1869,14 2919,24,3644,335,6
/home/oliv/Documents/mlHollf/TrainYourOwnYOLO/Data/Source_Images/Training_Images/vott-csv-export/a0200322_222304.jpg 2868,854,3131,1647,3 538,1087,2373,1681,13 162,2170,1009,2494,6 3097,2160,3859,2443,6 350,1630,931,2197,5 3189,1606,3705,2214,1 606,1579,3517,1726,2
/home/oliv/Documents/mlHollf/TrainYourOwnYOLO/Data/Source_Images/Training_Images/vott-csv-export/a0200322_222307.jpg 1423,2358,2003,2710,21 1235,1585,1467,2101,19 900,946,1539,1186,17 1758,1268,2202,1524,7 1508,618,1805,2289,20 1098,403,2123,670,6
/home/oliv/Documents/mlHollf/TrainYourOwnYOLO/Data/Source_Images/Training_Images/vott-csv-export/a0200322_222247.jpg 363,1503,733,2378,6 671,1678,1221,2129,1 1641,1271,1915,1784,3 2448,1319,2766,1790,3 2926,1790,3681,2101,7 2400,2177,2923,2450,16 1963,2054,2267,2696,4 1132,1746,2960,2129,14 2930,0,3640,246,6
/home/oliv/Documents/mlHollf/TrainYourOwnYOLO/Data/Source_Images/Training_Images/vott-csv-export/a0200322_222243.jpg 879,1063,1211,1507,8 3357,981,3592,1596,6 1494,1302,2995,2064,23 1382,1138,3425,1421,14
/home/oliv/Documents/mlHollf/TrainYourOwnYOLO/Data/Source_Images/Training_Images/vott-csv-export/a0200322_222253.jpg 370,653,705,1063,8 555,834,1040,1346,5 1638,830,2185,1322,5 2663,841,3131,1281,5 3558,673,3808,1100,0 1160,335,1460,837,4 1563,318,2663,858,23 3141,362,3398,858,3 760,806,3575,909,2
/home/oliv/Documents/mlHollf/TrainYourOwnYOLO/Data/Source_Images/Training_Images/vott-csv-export/a0200322_222239.jpg 623,1158,1023,1661,3 1535,987,2010,1657,4 2670,1268,3196,1555,22 3630,1336,3931,1831,12 2783,1808,3268,2074,21 1819,2218,2632,2556,6 1935,1630,2561,2242,1 5,1626,524,2320,5 302,1582,3528,1705,2
/home/oliv/Documents/mlHollf/TrainYourOwnYOLO/Data/Source_Images/Training_Images/vott-csv-export/a0200322_222234.jpg 1132,995,2434,1568,13 897,2125,1741,2361,6 2304,2043,2848,2296,6 3261,1989,3780,2262,6 2810,1196,3244,1491,15 1016,1517,1614,2187,1 2352,1473,2875,2098,1 3316,1517,3794,2030,5 3551,1319,3835,1784,12 1245,1491,3531,1630,2
/home/oliv/Documents/mlHollf/TrainYourOwnYOLO/Data/Source_Images/Training_Images/vott-csv-export/a0200322_222221.jpg 968,1158,1259,1790,6 1744,762,2051,1370,3 3251,1141,3483,1835,6 2646,1339,2882,1890,4 1245,1281,3333,1490,2
/home/oliv/Documents/mlHollf/TrainYourOwnYOLO/Data/Source_Images/Training_Images/vott-csv-export/a0200322_222231.jpg 500,827,700,1626,6 2687,1691,3610,1989,6 1371,1158,1836,2060,6 2301,612,2656,1186,6 3189,984,3821,1309,6 2933,1216,3456,1722,1 688,1140,3165,1257,2
/home/oliv/Documents/mlHollf/TrainYourOwnYOLO/Data/Source_Images/Training_Images/vott-csv-export/a0200322_222225.jpg 346,1063,1389,1363,6 592,1336,1013,1941,1 1559,1278,1894,1852,3 2352,1302,2673,1890,3 3364,1712,3869,2026,7 1915,1859,2246,2573,4 1043,1944,1399,2201,21 3087,1862,3507,2224,5 743,1825,3336,1944,2
/home/oliv/Documents/mlHollf/TrainYourOwnYOLO/Data/Source_Images/Training_Images/vott-csv-export/a0200322_222227.jpg 568,1712,1043,2153,5 1928,1715,2345,2057,5 3469,1657,3810,2054,5 2803,1008,3196,1626,4 1635,1087,1942,1667,3 879,1387,1348,1664,15 750,1657,3688,1746,2
/home/oliv/Documents/mlHollf/TrainYourOwnYOLO/Data/Source_Images/Training_Images/vott-csv-export/a0200322_222209.jpg 890,926,1447,1346,5 2209,577,2581,1336,3 3210,929,3692,1312,5 2933,1391,3367,1732,21 1700,1254,2103,1995,4 695,1114,985,1609,8 1129,1309,3517,1394,2
/home/oliv/Documents/mlHollf/TrainYourOwnYOLO/Data/Source_Images/Training_Images/vott-csv-export/a0200322_221549.jpg 346,407,657,830,6 336,1203,661,1845,6 3514,270,3811,711,6 2759,437,3575,577,2 1614,444,2584,557,2 647,509,1416,649,2 616,1425,1572,1579,2 633,595,1491,1544,25 1771,513,2660,1514,25 1539,588,1720,1435,18 1382,424,1628,670,9 2574,396,2766,591,9 1542,1353,1853,1609,9
/home/oliv/Documents/mlHollf/TrainYourOwnYOLO/Data/Source_Images/Training_Images/vott-csv-export/a0200322_221556.jpg 681,636,1163,1562,3 1874,639,2028,1565,18 2858,673,3008,1613,18 2014,1633,2872,1746,2 1002,485,1853,629,2 1973,495,2790,629,2 1672,2482,2250,2751,6 2796,2406,3323,2662,6 1867,1708,2038,2529,18 1983,639,2824,1613,25 979,567,1846,1654,11 2704,489,2988,707,9 1799,461,1976,656,9 801,434,1013,656,9 1823,1555,2021,1739,9 2865,1603,3104,1794,9 2906,1732,3118,2484,18
/home/oliv/Documents/mlHollf/TrainYourOwnYOLO/Data/Source_Images/Training_Images/vott-csv-export/a0200322_221553.jpg 527,584,1108,902,6 3336,673,3866,957,6 1262,1948,1587,2757,3 2995,1876,3394,2658,3 736,861,1395,1866,11 1499,926,2267,1794,25 2345,861,3083,1787,11 3141,909,3668,1681,25 2137,707,2400,970,9 1293,1760,1532,1985,9 3018,1630,3258,1883,9
/home/oliv/Documents/mlHollf/TrainYourOwnYOLO/Data/Source_Images/Training_Images/vott-csv-export/a0200322_221604.jpg 765,774,967,1184,6 2871,692,3137,1068,6 2954,1859,3210,2221,6 852,1967,1071,2470,6 1271,226,1647,961,4 932,934,1834,1046,2 2046,857,2918,1000,2 2113,2074,3005,2190,2 1038,2142,1930,2295,2 1887,1032,2078,2095,2 1790,859,2063,1060,9 1901,2034,2116,2297,9 2427,2180,2841,3007,3
/home/oliv/Documents/mlHollf/TrainYourOwnYOLO/Data/Source_Images/Training_Images/vott-csv-export/a0200322_221600.jpg 1662,202,2212,1254,4 3504,905,3893,1480,6 384,1671,1303,2170,7 2837,2149,3193,2781,0 1269,1380,1501,2347,18 2506,1346,2694,2416,18 1456,2416,2526,2532,2 1453,1199,2516,1353,2 1228,1117,1474,1374,9 2684,1203,3548,1322,2 2461,1152,2690,1360,9 2516,2399,2725,2587,9 1207,2354,1474,2587,9
/home/oliv/Documents/mlHollf/TrainYourOwnYOLO/Data/Source_Images/Training_Images/vott-csv-export/a0200322_221615.jpg 398,612,726,1070,6 558,1698,883,2211,6 1795,2050,2383,2423,21 2420,157,2844,759,3 3384,943,3787,1510,0 688,786,1948,867,2 818,1780,3193,1985,2 2147,718,3090,817,2 3186,789,3340,1664,18 2041,902,3206,1756,11 1908,666,2164,919,9 3070,632,3326,810,9 3179,1647,3411,1876,9
/home/oliv/Documents/mlHollf/TrainYourOwnYOLO/Data/Source_Images/Training_Images/vott-csv-export/a0200322_221622.jpg 199,1124,606,1999,3 268,909,493,1083,9 459,953,1286,1056,2 1402,923,2270,1022,2 1617,646,2075,919,15 2649,646,3046,929,22 3305,772,3551,1138,6 3285,1322,3610,1862,6 2253,1859,2643,2559,3 2284,1052,2383,1671,18 2431,1671,3357,1784,2 1382,987,2301,1760,25 411,981,1286,1756,11 1204,1640,1457,1838,9 2267,1626,2468,1838,9 1276,902,1443,1111,9 2236,902,2400,1076,9 2335,974,3370,1743,11 2366,899,3377,1008,2
/home/oliv/Documents/mlHollf/TrainYourOwnYOLO/Data/Source_Images/Training_Images/vott-csv-export/a0200322_221625.jpg 674,834,1358,1172,17 2868,1076,3521,1462,7 2342,2067,2824,2508,5 1457,2088,1898,2600,5 1440,700,2677,810,2 1259,810,1375,1941,18 1422,841,2749,2019,25 2766,851,2919,1965,18 1456,2020,2768,2106,2 1187,1934,1477,2238,9 1211,649,1460,830,9 2673,673,2882,868,9 2728,1910,2950,2132,9
/home/oliv/Documents/mlHollf/TrainYourOwnYOLO/Data/Source_Images/Training_Images/vott-csv-export/a0200322_221640.jpg 514,1281,801,1708,6 596,2371,828,2737,6 1286,905,1720,1480,3 2878,837,3148,1380,3 3097,2221,3883,2542,17 801,2474,1963,2563,2 2113,2422,2926,2522,2 2038,1398,2947,1521,2 760,1425,1909,1534,2 1966,1534,2062,2409,18 2950,1517,3029,2337,18 770,1503,1976,2529,25 2086,1490,2964,2477,25 1946,2395,2130,2587,9 2889,2334,3070,2518,9 1891,1384,2048,1572,9 2899,1374,3070,1534,9
/home/oliv/Documents/mlHollf/TrainYourOwnYOLO/Data/Source_Images/Training_Images/vott-csv-export/a0200322_221611.jpg 398,741,627,1152,6 3808,697,4020,1124,6 1508,1835,3114,2624,13 592,912,1645,1015,2 1857,902,2885,1011,2 3094,882,3835,991,2 2943,998,3059,1671,18 1655,1052,1747,1749,18 1628,854,1870,1070,9 2895,823,3100,1032,9 2919,1644,3124,1842,9 1583,1756,1771,1937,9
/home/oliv/Documents/mlHollf/TrainYourOwnYOLO/Data/Source_Images/Training_Images/vott-csv-export/a0200322_221649.jpg 1406,782,2865,1486,13 435,1913,832,2628,6 3374,1794,3671,2399,6 804,2252,2055,2457,2 2222,2201,3428,2388,2 1636,1503,2704,1602,2 736,1565,1549,2358,25 2154,1548,2800,2289,25 2803,1507,3473,2214,11 1549,1616,2082,2272,11 1436,1473,1679,1654,9 2677,1445,2909,1616,9 2034,2174,2263,2375,9
/home/oliv/Documents/mlHollf/TrainYourOwnYOLO/Data/Source_Images/Training_Images/vott-csv-export/a0200322_221659.jpg 456,1780,1443,1924,2 1635,1695,2509,1879,2 1942,1777,2328,2337,4 3425,1490,3702,1900,6 3398,581,3664,1015,6 2718,697,3442,800,6 1532,714,2574,823,6 2704,1678,3528,1787,6 2601,813,2704,1688,18 1426,823,1553,1743,18 411,700,1416,1842,25 1590,806,2602,1814,25 2636,741,3449,1746,25 763,1900,1166,2597,3 268,1773,456,1989,9 1406,1712,1635,1931,9 2502,1661,2711,1811,9 2543,677,2711,830,9 1382,659,1553,837,9
/home/oliv/Documents/mlHollf/TrainYourOwnYOLO/Data/Source_Images/Training_Images/vott-csv-export/a0200322_221651.jpg 1081,1473,1395,2037,19 1799,441,2106,1216,3 3316,1001,3517,1439,6 3364,1954,3651,2416,6 1614,2228,2530,2368,2 2656,2153,3439,2313,2 1482,1165,2441,1286,2 2567,1131,3353,1261,2 2472,1251,2667,2190,18 1371,1302,1556,2245,18 2591,1175,3346,2235,25 1518,1210,2475,2259,25 1262,1131,1515,1312,9 1399,2204,1638,2423,9 2496,2149,2687,2354,9 2427,1107,2591,1285,9
/home/oliv/Documents/mlHollf/TrainYourOwnYOLO/Data/Source_Images/Training_Images/vott-csv-export/a0200322_221655.jpg 736,2030,1160,2488,5 2550,1978,3097,2501,5 141,1264,456,1883,19 2550,567,2824,1121,3 3128,1380,3979,1695,7 637,1052,1330,1223,2 1556,1059,2215,1206,2 2324,1097,2995,1183,2 2342,1886,3100,2009,2 1481,1896,2243,2030,2 688,1917,1313,2030,2 514,1179,589,1890,18 1341,1189,1474,1855,18 2226,1196,2345,1883,18 3053,1124,3186,1900,18 1406,1158,2243,1951,25 456,1032,668,1210,9 1303,1015,1566,1234,9 2181,1039,2362,1223,9 2991,1025,3131,1182,9 3077,1879,3241,2047,9 2219,1872,2352,2047,9 1293,1866,1491,2071,9 480,1862,702,2074,9
/home/oliv/Documents/mlHollf/TrainYourOwnYOLO/Data/Source_Images/Training_Images/vott-csv-export/20200324_112046.jpg 97,1357,592,1852,1 938,1312,1447,1855,1 1713,1305,2236,1859,1 2455,1322,2947,1852,1 0,1828,568,1965,6 914,1849,1447,1978,6 1617,1845,2263,1972,6 2444,1852,2981,1965,6 534,885,712,1346,3 958,875,1139,1309,4 1546,940,1672,1316,3 2140,895,2280,1261,4 2574,902,2731,1292,3 203,1264,2943,1401,2
/home/oliv/Documents/mlHollf/TrainYourOwnYOLO/Data/Source_Images/Training_Images/vott-csv-export/20200324_112108.jpg 2554,1100,2796,2013,6 1050,2324,1624,2481,6 1255,755,1406,1111,3 651,851,856,1172,19 1795,888,2034,1165,0 1132,1958,1611,2361,5 886,1603,1324,1968,25 1361,1585,1836,1961,11 914,1131,1317,1531,11 1351,1148,1792,1558,25 1884,1568,2192,1958,25 1843,1165,2174,1510,11 493,1145,890,1548,25 504,1541,852,1937,11 2209,1503,2629,1592,2 931,1076,1758,1169,2 401,1473,534,1650,9 808,1883,931,2054,9 1819,1879,1928,2023,9 2127,1480,2226,1609,9 1747,1066,1860,1210,9 825,1049,931,1206,9 900,1948,1843,2026,2 1262,1480,1409,1678,9
/home/oliv/Documents/mlHollf/TrainYourOwnYOLO/Data/Source_Images/Training_Images/vott-csv-export/20200324_112111.jpg 647,919,975,2002,6 2089,916,2403,1972,6 1245,1985,1829,2166,6 897,1394,2195,1500,2 1155,994,1993,1456,13 1279,1404,1867,2037,1
/home/oliv/Documents/mlHollf/TrainYourOwnYOLO/Data/Source_Images/Training_Images/vott-csv-export/20200324_112055.jpg 305,417,938,571,6 1440,355,2031,513,6 138,7,312,280,19 2089,0,2236,202,0 411,137,883,485,5 1515,79,1983,420,5 589,0,702,120,3 1710,0,1802,99,3 292,68,2116,164,2 46,1500,210,1739,8 2899,1425,3018,1654,12 326,1920,753,2002,6 825,1886,1266,2006,6 1385,1890,1768,1982,6 1846,1852,2325,1978,6 2410,1869,2885,1982,6 336,1538,729,1937,1 856,1524,1221,1934,5 1412,1493,1799,1934,1 1412,1493,1799,1934,5 1901,1507,2291,1910,5 2455,1480,2882,1913,1 360,1189,873,1562,13 1163,1220,1307,1551,3 1563,1206,1665,1534,3 1935,1210,2041,1524,3 2315,1223,2431,1527,3 203,1486,2866,1615,2 545,2641,702,2976,3 876,2641,979,2952,4 1272,2693,1406,2952,3 1717,2669,1805,2942,4 2024,2679,2137,2962,3 319,2935,2287,3003,2
/home/oliv/Documents/mlHollf/TrainYourOwnYOLO/Data/Source_Images/Training_Images/vott-csv-export/20200324_112115.jpg 685,1022,917,1592,3 2233,1011,2427,1582,3 398,2002,1221,2228,6 1901,1941,2704,2125,6 333,1555,2793,1640,2 490,1585,1160,2084,5 2021,1548,2595,2009,5 117,1401,408,1818,19 2793,1377,3005,1719,0 1091,0,1751,99,6
/home/oliv/Documents/mlHollf/TrainYourOwnYOLO/Data/Source_Images/Training_Images/vott-csv-export/20200324_112120.jpg 124,919,360,1784,6 2629,868,2851,1712,6 1286,2081,1833,2218,6 1327,1644,1792,2132,1 777,957,1078,1182,15 1963,905,2202,1124,22 305,1216,825,1305,2 948,1213,1450,1298,2 1576,1199,2038,1261,2 2178,1179,2680,1240,2 1286,1654,1788,1722,2 1447,786,1594,1175,3 914,1292,1235,1667,25 1782,1616,1918,1746,9 1782,1616,1918,1746,11 1535,1257,1826,1647,11 1242,1264,1505,1681,11 1860,1244,2157,1661,11 1156,1626,1293,1763,9 1426,1169,1583,1305,9 2010,1148,2178,1278,9 812,1166,956,1330,9
/home/oliv/Documents/mlHollf/TrainYourOwnYOLO/Data/Source_Images/Training_Images/vott-csv-export/20200324_112123.jpg 1081,1804,1751,1985,6 1081,1804,1751,1985,9 394,1398,2215,1476,2 162,1199,469,1726,19 2287,1148,2574,1599,0 780,957,1129,1398,19 1207,946,1447,1357,19 1669,964,1925,1391,0 1942,987,2137,1387,0 1166,1404,1737,1876,5
/home/oliv/Documents/mlHollf/TrainYourOwnYOLO/Data/Source_Images/Training_Images/vott-csv-export/20200324_112143.jpg 309,1920,856,2074,6 2417,803,2649,2050,6 1805,1439,1949,1828,4 685,1063,1624,1432,13 507,1398,2472,1483,2 329,1220,541,1562,8 374,1418,815,1975,1
/home/oliv/Documents/mlHollf/TrainYourOwnYOLO/Data/Source_Images/Training_Images/vott-csv-export/20200324_112149.jpg 763,1719,1419,1910,6 1754,1428,1952,1855,4 886,1374,1351,1760,5 2277,1183,2625,1695,12 815,1346,2356,1449,2 1214,902,1337,1408,3 1529,882,1669,1411,3 627,1104,893,1623,8
/home/oliv/Documents/mlHollf/TrainYourOwnYOLO/Data/Source_Images/Training_Images/vott-csv-export/20200324_112146.jpg 186,858,483,2149,6 842,1483,1262,1831,5 401,1418,2209,1503,2 1819,1469,2198,1978,1 1327,1121,1713,1466,5 599,1029,780,1480,3 2226,1316,2379,1640,12 1375,1476,1505,2009,4
/home/oliv/Documents/mlHollf/TrainYourOwnYOLO/Data/Source_Images/Training_Images/vott-csv-export/20200324_112153.jpg 169,1787,1269,2071,6 743,926,2731,994,2 1406,554,1604,950,3 2062,560,2226,950,3 1747,929,1884,1370,4 2701,782,2919,1193,0 411,707,654,1097,8 333,902,1269,1859,1
/home/oliv/Documents/mlHollf/TrainYourOwnYOLO/Data/Source_Images/Training_Images/vott-csv-export/20200324_112201.jpg 2540,926,2687,1234,6 2526,1883,2684,2231,6 1809,2009,2561,2142,2 1826,1051,2574,1115,2 637,1059,1693,1106,2 620,2037,1703,2084,2 538,1128,594,1992,18 1710,1169,1755,1975,18 35,1442,565,1732,17 490,540,664,974,3 1064,2081,1361,2682,4 483,1975,664,2136,9 1672,1001,1826,1172,9 1674,1948,1833,2123,9 510,967,651,1134,9 575,1111,1737,2040,25
/home/oliv/Documents/mlHollf/TrainYourOwnYOLO/Data/Source_Images/Training_Images/vott-csv-export/20200324_112205.jpg 288,1931,927,2125,6 2250,1469,2749,1958,5 394,1476,900,1941,5 500,1444,2639,1493,2 1399,981,1648,1473,3
/home/oliv/Documents/mlHollf/TrainYourOwnYOLO/Data/Source_Images/Training_Images/vott-csv-export/20200324_112156.jpg 948,759,2243,1227,13 336,1620,941,1811,6 2144,1654,2786,1831,6 596,1138,2578,1271,2 2192,1111,2749,1732,1 381,1196,920,1691,5
/home/oliv/Documents/mlHollf/TrainYourOwnYOLO/Data/Source_Images/Training_Images/vott-csv-export/20200324_112207.jpg 428,1579,2584,1691,2 281,1681,811,2341,1 2250,1603,2749,2283,1 787,929,1054,1650,3 1857,929,2123,1616,3
/home/oliv/Documents/mlHollf/TrainYourOwnYOLO/Data/Source_Images/Training_Images/vott-csv-export/20200324_112158.jpg 189,1582,753,1787,6 1088,1726,1686,1896,6 1180,1237,1662,1715,1 2082,1186,2622,1575,5 1976,1544,2667,1732,6 285,1220,712,1633,5 206,1001,381,1394,19 418,1158,2376,1275,2 2388,929,2563,1312,12 1689,820,1877,1196,3 815,830,985,1234,3
/home/oliv/Documents/mlHollf/TrainYourOwnYOLO/Data/Source_Images/Training_Images/vott-csv-export/20200324_112222.jpg 135,1606,2872,1702,2 247,1254,415,1640,3 2667,1288,2817,1685,3 575,1640,1084,2125,5 1310,1633,1823,2136,5 411,2074,2448,2303,6 910,1247,1361,1630,5 1877,1254,2345,1644,5 633,1042,2427,1278,6
/home/oliv/Documents/mlHollf/TrainYourOwnYOLO/Data/Source_Images/Training_Images/vott-csv-export/20200324_112231.jpg 985,878,1720,1336,13 244,1872,866,2101,6 302,1367,842,1917,1 1862,1312,2356,1855,1 1805,1845,2369,1958,6 490,1254,2561,1401,2 2516,1070,2735,1473,12
/home/oliv/Documents/mlHollf/TrainYourOwnYOLO/Data/Source_Images/Training_Images/vott-csv-export/20200324_112234.jpg 671,2081,1925,2289,6 784,1435,1853,2112,5 387,1339,2414,1534,2 258,1179,459,1579,8 2413,1312,2574,1722,12 750,782,914,1404,3 1819,882,1973,1462,3
/home/oliv/Documents/mlHollf/TrainYourOwnYOLO/Data/Source_Images/Training_Images/vott-csv-export/20200324_112226.jpg 199,1213,637,1281,2 756,1196,1467,1257,2 1583,1203,2174,1268,2 2284,1234,2889,1295,2 2388,1278,2711,1542,5 992,888,1136,1257,3 1764,912,1942,1237,3 2707,946,2826,1298,3 1399,1698,1563,2067,4 1194,1698,1833,1749,2 709,1281,1081,1719,11 1546,1257,1857,1674,11 1894,1271,2202,1681,25 1166,1254,1508,1685,25 100,967,258,1493,6 609,1138,750,1350,9 1055,1633,1187,1820,9 1809,1637,1960,1811,9 1447,1158,1573,1309,9 2157,1145,2291,1326,9 2345,1521,2762,1633,6
/home/oliv/Documents/mlHollf/TrainYourOwnYOLO/Data/Source_Images/Training_Images/vott-csv-export/20200324_112228.jpg 685,1307,2140,1377,2 1173,899,1676,1319,13 2161,1162,2325,1510,12 1231,1343,1672,1691,5 1125,1664,1768,1825,6 531,1203,719,1527,19
/home/oliv/Documents/mlHollf/TrainYourOwnYOLO/Data/Source_Images/Training_Images/vott-csv-export/a0200322_221712.jpg 2713,1838,3153,2060,6 707,427,987,991,3 444,950,1213,1073,2 2299,1022,2853,1145,2 1312,1784,2169,1896,2 1254,1039,1322,1729,18 2896,420,2962,1004,18 2897,1128,2979,1845,18 2193,1117,2292,1784,18 1339,1083,2200,1787,25 2251,376,2918,1035,25 2262,1093,2945,1883,11 345,1049,1243,1760,11 270,916,468,1093,9 1209,902,1401,1049,9 1182,1715,1349,1869,9 2149,1770,2340,1937,9 2842,1001,3020,1131,9 2149,977,2303,1124,9 2860,304,3041,427,9
/home/oliv/Documents/mlHollf/TrainYourOwnYOLO/Data/Source_Images/Training_Images/vott-csv-export/20200324_112246.jpg 534,1210,2212,1286,2 579,1261,1057,1654,5 1279,1237,1679,1657,5 1785,1240,2171,1773,1 1747,1753,2215,1883,6 1235,1630,1727,1790,6 473,1640,1091,1787,6 288,1022,507,1384,8 2236,1052,2434,1459,12 1112,759,1952,1227,13
/home/oliv/Documents/mlHollf/TrainYourOwnYOLO/Data/Source_Images/Training_Images/vott-csv-export/20200324_112237.jpg 162,1982,510,2300,16 217,796,411,1175,8 2636,916,2837,1288,0 1002,642,1129,1049,3 1997,680,2116,1083,3 551,1008,1518,1100,2 1617,1035,2533,1111,2 534,1924,1542,2002,2 435,1107,517,1903,18 1549,1141,1614,1855,18 1655,1493,2144,1924,25 2229,1128,2561,1469,25 1071,1093,1535,1486,25 524,1521,1002,1958,25 1033,1531,1559,1896,11 534,1087,1006,1435,11 404,953,562,1128,9 1501,984,1638,1152,9 2116,1425,2255,1589,9 2509,984,2657,1199,9 1529,1842,1693,2040,9 394,1879,548,2060,9 931,1391,1132,1599,9 1614,1059,2192,1486,11 1614,1059,2192,1486,25
/home/oliv/Documents/mlHollf/TrainYourOwnYOLO/Data/Source_Images/Training_Images/vott-csv-export/20200324_112243.jpg 240,489,2670,711,6 360,683,944,1309,5 1928,677,2520,1271,5 1170,673,1771,1305,1 1170,673,1771,1305,5 452,1257,2550,1374,2 965,1312,1115,1818,4 1792,1316,1976,1849,4 271,1223,486,1606,19 2578,1104,2721,1449,12
/home/oliv/Documents/mlHollf/TrainYourOwnYOLO/Data/Source_Images/Training_Images/vott-csv-export/20200324_112239.jpg 845,1169,1057,1685,6 1512,1862,1894,2296,5 1412,636,1826,1093,5 1023,1261,1433,1582,1 1371,390,1553,2447,18 1037,1808,1474,1961,17 1327,2423,1686,2570,21 1204,219,1566,383,15 1768,554,1952,1172,6 1833,1801,2014,2358,6
/home/oliv/Documents/mlHollf/TrainYourOwnYOLO/Data/Source_Images/Training_Images/vott-csv-export/a0200322_221721.jpg 690,390,2268,1015,13 960,1753,1981,1896,2 765,1128,850,1743,18 2063,1117,2234,1729,18 2186,1739,2870,1838,2 2217,1008,3553,1128,2 956,974,2057,1076,2 3044,1104,3584,1708,25 2173,1059,2938,1695,11 2839,1620,3099,1825,9 1981,1688,2210,1896,9 748,1708,960,1965,9 789,916,973,1169,9 2036,970,2238,1121,9 3495,810,3710,1326,6
/home/oliv/Documents/mlHollf/TrainYourOwnYOLO/Data/Source_Images/Training_Images/vott-csv-export/a0200322_221723.jpg 1633,1982,2009,2552,1 2774,1965,3188,2470,1 2204,714,2651,1134,5 1469,1907,2299,2026,2 2460,1913,3345,1989,2 1978,1107,2860,1203,2 1370,1206,1858,1869,25 2422,1206,2904,1941,25 1869,1210,2364,1944,11 2911,1186,3369,1879,11 1793,1097,1998,1254,9 2822,1087,3010,1240,9 3307,1838,3440,1985,9 2296,1893,2460,2060,9 1260,1852,1455,2043,9
/home/oliv/Documents/mlHollf/TrainYourOwnYOLO/Data/Source_Images/Training_Images/vott-csv-export/a0200322_221717.jpg 252,1596,1254,1838,17 3054,1476,3830,1756,17 1800,1152,2723,1244,2 1055,2242,2210,2334,2 2357,2204,3328,2324,2 1373,2306,1910,2675,5 2675,2286,3095,2658,5 1708,178,2286,1128,25 919,1227,1691,2235,25 2289,1237,2784,2221,25 1674,1264,2238,2248,11 2292,188,2819,1169,11 2808,1230,3389,2187,11 799,2204,1055,2409,9 2176,2163,2364,2368,9 3328,2142,3488,2289,9 2706,1134,2860,1261,9 1629,1111,1804,1281,9 2234,85,2371,215,9
/home/oliv/Documents/mlHollf/TrainYourOwnYOLO/Data/Source_Images/Training_Images/vott-csv-export/a0200322_221733.jpg 1380,1599,1800,1995,5 2313,1585,2675,1937,5 2986,1565,3338,1893,5 1042,1469,3444,1626,2 673,1278,1028,1907,8 3447,1257,3758,1719,12 1896,974,2183,1510,3 2672,981,2938,1503,3
/home/oliv/Documents/mlHollf/TrainYourOwnYOLO/Data/Source_Images/Training_Images/vott-csv-export/a0200322_221749.jpg 553,1360,3567,1582,14 2248,1538,2596,2177,4 1862,830,2159,1374,3 2979,837,3340,1387,4 3642,1162,3970,1838,0 1066,987,1431,1360,5 297,1117,577,1862,6
/home/oliv/Documents/mlHollf/TrainYourOwnYOLO/Data/Source_Images/Training_Images/vott-csv-export/a0200322_221804.jpg 809,1059,1465,1664,1 570,1059,837,1681,6 3370,912,3789,1785,6 2610,557,2945,1203,3 1465,1136,3427,1445,14 1397,1432,1732,2023,4
/home/oliv/Documents/mlHollf/TrainYourOwnYOLO/Data/Source_Images/Training_Images/vott-csv-export/a0200322_221752.jpg 1278,1391,3393,1497,2 2241,1415,2637,2050,4 3420,1124,3748,1719,12 1021,1196,1339,1746,6
/home/oliv/Documents/mlHollf/TrainYourOwnYOLO/Data/Source_Images/Training_Images/vott-csv-export/a0200322_221800.jpg 249,1835,898,2416,5 519,1705,3560,1838,2 2183,1275,2692,1743,5 1271,1052,1670,1780,4 3574,1582,3840,2136,0 1916,1835,2422,2112,21
/home/oliv/Documents/mlHollf/TrainYourOwnYOLO/Data/Source_Images/Training_Images/vott-csv-export/a0200322_221757.jpg 201,1606,1278,2023,17 1346,1721,3536,1931,2 1978,1326,2675,1708,15 3509,1435,3833,2101,6 2672,1961,3235,2289,16 1653,1838,2115,2638,4
/home/oliv/Documents/mlHollf/TrainYourOwnYOLO/Data/Source_Images/Training_Images/vott-csv-export/a0200322_221833.jpg 413,940,785,1490,3 580,1404,3468,1541,2 939,1493,1462,1975,5 1349,1059,1920,1404,15 2535,1022,3109,1459,5 2043,1493,2391,2067,4 3522,1281,3803,1790,0
/home/oliv/Documents/mlHollf/TrainYourOwnYOLO/Data/Source_Images/Training_Images/vott-csv-export/a0200322_221835.jpg 1773,967,3000,1565,13 119,1292,526,1886,19 464,1524,3259,1626,2 3232,1257,3536,1944,6 1178,1596,1653,2190,1
/home/oliv/Documents/mlHollf/TrainYourOwnYOLO/Data/Source_Images/Training_Images/vott-csv-export/a0200322_221839.jpg 878,1931,1954,2231,17 1988,2597,2819,2990,7 1985,1145,2678,1486,7 1937,721,2022,2870,18 1681,495,2337,776,6
/home/oliv/Documents/mlHollf/TrainYourOwnYOLO/Data/Source_Images/Training_Images/vott-csv-export/a0200322_221846.jpg 577,1623,3751,1739,2 844,1158,1271,1623,5 2272,1158,2760,1613,5 3369,1162,3786,1644,5 2907,1719,3253,2505,3 1653,1674,2022,2477,4 659,1726,973,2269,4 270,1408,543,1920,8
/home/oliv/Documents/mlHollf/TrainYourOwnYOLO/Data/Source_Images/Training_Images/vott-csv-export/a0200322_221852.jpg 287,1473,830,1804,5 512,1374,3106,1449,2 1315,1401,1670,1760,5 1715,1011,2227,1408,5 2354,1377,2706,1838,4 2873,803,3205,1408,3 3246,1275,3567,1770,0
/home/oliv/Documents/mlHollf/TrainYourOwnYOLO/Data/Source_Images/Training_Images/vott-csv-export/a0200322_221854.jpg 1042,1585,3376,1746,2 765,1743,1479,2358,1 2077,1685,2610,2177,5 3106,1623,3499,2095,1 3468,1350,3686,1773,12 645,1264,997,1869,8 1435,1155,1756,1749,3 2610,1117,2979,1613,4
/home/oliv/Documents/mlHollf/TrainYourOwnYOLO/Data/Source_Images/Training_Images/vott-csv-export/a0200322_221858.jpg 1083,1199,3417,1309,2 1500,690,1947,1254,3 1811,1223,2169,1787,3 2494,1333,3017,1623,21 768,1076,1100,1572,6 3396,1022,3748,1538,6
/home/oliv/Documents/mlHollf/TrainYourOwnYOLO/Data/Source_Images/Training_Images/vott-csv-export/a0200322_221906.jpg 1397,1401,2788,1572,2 1397,1401,2788,1572,3 1776,796,2658,1462,23 1158,1196,1479,1828,6 2819,1240,3123,1784,12 1602,1514,1852,2081,3
/home/oliv/Documents/mlHollf/TrainYourOwnYOLO/Data/Source_Images/Training_Images/vott-csv-export/a0200322_221908.jpg 1151,1726,3259,1890,2 3003,1367,3434,1818,1 2965,1100,3454,1367,6 953,1801,1401,2112,5 1787,1842,2217,2289,4 2583,1852,2897,2347,4 714,1493,1018,1920,8
/home/oliv/Documents/mlHollf/TrainYourOwnYOLO/Data/Source_Images/Training_Images/vott-csv-export/a0200322_221911.jpg 840,1572,3454,1685,2 645,1650,1079,2218,1 3181,1678,3635,2125,5 1455,950,2542,1620,13 2774,1251,3256,1527,15 3591,1425,3885,1862,12 352,1439,659,1951,19
/home/oliv/Documents/mlHollf/TrainYourOwnYOLO/Data/Source_Images/Training_Images/vott-csv-export/a0200322_221900.jpg 2480,349,2614,2556,18 1500,1343,2566,1633,17 2583,1804,3587,2132,17 2562,728,3153,1052,7 2303,2539,2815,2839,6 2241,161,2849,420,6
/home/oliv/Documents/mlHollf/TrainYourOwnYOLO/Data/Source_Images/Training_Images/vott-csv-export/a0200322_221915.jpg 553,1117,3430,1203,2 362,1169,861,1691,5 3181,1104,3563,1575,5 3574,806,3857,1292,12 71,943,355,1380,8 1148,543,1544,1155,3 2303,536,2730,1155,3 1882,1179,2238,1831,4
/home/oliv/Documents/mlHollf/TrainYourOwnYOLO/Data/Source_Images/Training_Images/vott-csv-export/a0200322_221925.jpg 451,1374,885,1849,1 386,1158,994,1380,6 1527,1046,2812,1787,13 1072,1821,1534,2607,4 2046,1814,2678,2382,5 618,1715,2969,1903,2
/home/oliv/Documents/mlHollf/TrainYourOwnYOLO/Data/Source_Images/Training_Images/vott-csv-export/a0200322_221922.jpg 881,1828,3444,1934,2 2672,1357,3222,1831,1 2586,1104,3362,1370,6 676,1907,1055,2272,5 1811,1896,2368,2324,1 1763,2296,2361,2484,6 3232,1913,3550,2409,4 1284,1319,1650,1941,3
/home/oliv/Documents/mlHollf/TrainYourOwnYOLO/Data/Source_Images/Training_Images/vott-csv-export/a0200322_221927.jpg 977,1620,3311,1743,2 738,1715,1216,2163,5 2470,1712,2897,2101,5 1264,981,1595,1671,3 2128,998,2467,1667,4 3389,1435,3738,1989,0
/home/oliv/Documents/mlHollf/TrainYourOwnYOLO/Data/Source_Images/Training_Images/vott-csv-export/a0200322_221930.jpg 864,1093,3816,1862,13 1031,1801,3803,1972,2 1370,1886,1920,2505,5 2791,1869,3328,2426,5
/home/oliv/Documents/mlHollf/TrainYourOwnYOLO/Data/Source_Images/Training_Images/vott-csv-export/a0200322_221937.jpg 481,1575,3475,1917,14 2463,1890,3085,2358,5 273,1924,895,2675,1 727,1186,1527,1521,22 1390,1992,2002,2310,21 3553,1353,4025,2139,0 1944,926,2402,1616,3 2846,957,3253,1592,4
/home/oliv/Documents/mlHollf/TrainYourOwnYOLO/Data/Source_Images/Training_Images/vott-csv-export/a0200322_221942.jpg 765,820,1243,1360,1 683,550,1360,827,6 987,1336,3710,1462,2 3324,1022,3714,1404,6 2207,1063,2716,1350,15 1882,1418,2330,2183,4 2607,1449,3027,2238,3
/home/oliv/Documents/mlHollf/TrainYourOwnYOLO/Data/Source_Images/Training_Images/vott-csv-export/a0200322_221951.jpg 584,1411,3427,1572,2 379,1456,867,2019,5 3102,1531,3594,1992,5 2268,864,2685,1466,4 1196,827,1561,1466,3 184,957,577,1606,8 3458,1066,3734,1637,12
/home/oliv/Documents/mlHollf/TrainYourOwnYOLO/Data/Source_Images/Training_Images/vott-csv-export/a0200322_221948.jpg 662,1131,3553,1251,2 413,1247,895,1691,5 126,1011,451,1531,19 3335,1162,3789,1654,5 3663,964,3994,1360,0 1592,755,1985,1244,3 2446,752,3499,1199,13
/home/oliv/Documents/mlHollf/TrainYourOwnYOLO/Data/Source_Images/Training_Images/vott-csv-export/a0200322_221940.jpg 1175,1609,3304,1845,14 362,1613,1247,1917,17 2696,1784,3027,2289,1 1995,1257,2272,1623,5 1489,1152,1834,1691,3 2429,1104,2812,1637,3 1947,1852,2426,2149,21 3239,1452,3478,1893,6
/home/oliv/Documents/mlHollf/TrainYourOwnYOLO/Data/Source_Images/Training_Images/vott-csv-export/a0200322_221958.jpg 1804,379,2019,2293,2 850,1121,1875,1490,17 1940,523,2801,782,17 1961,1018,2447,1529,1 2419,1001,2631,1473,6 1520,157,1995,407,15 1544,2242,2443,2566,6
/home/oliv/Documents/mlHollf/TrainYourOwnYOLO/Data/Source_Images/Training_Images/vott-csv-export/a0200322_222001.jpg 707,1418,3355,1626,2 509,1538,1001,2122,5 3512,1261,3813,1811,0 1944,977,2419,1456,5 3085,741,3420,1490,3 2491,1490,2904,2071,4 1319,1599,1865,1917,16
/home/oliv/Documents/mlHollf/TrainYourOwnYOLO/Data/Source_Images/Training_Images/vott-csv-export/a0200322_222015.jpg 557,1104,3471,1189,2 2303,711,3341,1138,13 3266,1155,3635,1633,5 3652,950,3837,1309,12 369,1172,878,1654,5 174,1039,389,1401,19 1134,721,1421,1165,3
/home/oliv/Documents/mlHollf/TrainYourOwnYOLO/Data/Source_Images/Training_Images/vott-csv-export/a0200322_222005.jpg 1168,1695,3806,1828,2 181,1674,1137,1968,17 2323,1777,2696,2101,5 3618,1763,3984,2078,5 1021,1818,1407,2224,1 2791,1257,3615,1736,23 1742,1312,2108,1770,4
/home/oliv/Documents/mlHollf/TrainYourOwnYOLO/Data/Source_Images/Training_Images/vott-csv-export/a0200322_222024.jpg 1031,1302,3458,1705,14 1513,1589,3129,2306,23 642,1199,1083,1975,19 1848,448,2248,1401,3 2740,779,3017,1367,3 3403,1138,3557,1691,6
/home/oliv/Documents/mlHollf/TrainYourOwnYOLO/Data/Source_Images/Training_Images/vott-csv-export/a0200322_222029.jpg 1274,1367,3413,1510,2 1096,1476,1459,1811,5 2070,1418,2415,1927,1 3242,1452,3560,1712,5 2665,946,3000,1387,4 3516,1206,3779,1626,0 1411,950,2207,1449,13 833,1244,1072,1606,8
/home/oliv/Documents/mlHollf/TrainYourOwnYOLO/Data/Source_Images/Training_Images/vott-csv-export/a0200322_222039.jpg 1107,1411,3478,1633,2 1489,899,2709,1514,13 164,1357,1110,1845,17 1175,1681,1886,2163,21 2525,1541,2894,2255,4 3423,1117,3710,1743,6
/home/oliv/Documents/mlHollf/TrainYourOwnYOLO/Data/Source_Images/Training_Images/vott-csv-export/a0200322_222051.jpg 1366,369,1558,2648,18 1500,420,2132,926,1 1483,1107,2426,1456,7 434,1630,1404,2009,7 1459,2122,2289,2453,7 1113,2573,1814,2867,6
/home/oliv/Documents/mlHollf/TrainYourOwnYOLO/Data/Source_Images/Training_Images/vott-csv-export/a0200322_222043.jpg 1681,492,1831,2672,18 1008,735,1705,1011,7 1072,1333,1749,1558,17 1752,314,2200,735,1 1592,21,1828,482,3 2207,260,2388,735,6 1804,2132,2144,2460,1 1790,1456,2080,1845,5 2139,2054,2309,2532,6 1096,1958,1732,2218,7 1178,2556,1785,2751,17
/home/oliv/Documents/mlHollf/TrainYourOwnYOLO/Data/Source_Images/Training_Images/vott-csv-export/a0200322_222027.jpg 1237,1189,3430,1292,2 1042,1268,1486,1876,1 3181,1257,3563,1797,1 3516,984,3854,1497,0 1619,694,1988,1206,4 2460,666,2747,1251,3 905,1018,1230,1398,8
/home/oliv/Documents/mlHollf/TrainYourOwnYOLO/Data/Source_Images/Training_Images/vott-csv-export/a0200322_222118.jpg 2111,431,2333,2259,2 1848,2211,2836,2600,6 1506,591,2159,902,7 2224,987,3027,1281,17 1517,1626,2210,1948,17 1852,161,2378,441,22
/home/oliv/Documents/mlHollf/TrainYourOwnYOLO/Data/Source_Images/Training_Images/vott-csv-export/a0200322_222114.jpg 1277,909,3519,1068,2 2009,513,2460,960,1 3300,598,3659,929,5 1988,311,2508,526,6 3188,403,3758,601,6 1448,1046,1848,1739,3 2692,974,3078,1599,4 949,854,1312,1398,19
/home/oliv/Documents/mlHollf/TrainYourOwnYOLO/Data/Source_Images/Training_Images/vott-csv-export/a0200322_222108.jpg 912,796,3642,1063,2 451,591,881,1145,8 2518,113,2894,878,4 1278,899,1793,1869,4 3625,694,3871,1268,6
/home/oliv/Documents/mlHollf/TrainYourOwnYOLO/Data/Source_Images/Training_Images/vott-csv-export/a0200322_222111.jpg 1319,1418,3601,1541,2 1120,1497,1633,2050,1 2477,1480,2976,1804,5 3420,1507,3881,1951,1 1657,888,1988,1442,4 2361,940,3454,1466,13 447,1387,1295,1633,17
/home/oliv/Documents/mlHollf/TrainYourOwnYOLO/Data/Source_Images/Training_Images/vott-csv-export/a0200322_222105.jpg 218,2019,3680,2156,2 1363,2136,1869,2665,1 2726,2098,3174,2617,1 1944,1746,2665,2033,15 587,1729,1209,2067,22 3112,1527,3437,2136,3 3734,1811,3987,2221,12 23,2122,440,2631,5 2313,0,2904,253,6
/home/oliv/Documents/mlHollf/TrainYourOwnYOLO/Data/Source_Images/Training_Images/vott-csv-export/a0200322_222121.jpg 1366,1357,3444,1538,2 2022,1459,2521,1934,5 3249,1497,3584,1999,1 1141,1134,1397,1770,6 1571,841,1920,1425,3 2053,878,2391,1411,3 2692,1063,3208,1339,15
/home/oliv/Documents/mlHollf/TrainYourOwnYOLO/Data/Source_Images/Training_Images/vott-csv-export/a0200322_222123.jpg 707,1620,3208,1726,2 922,923,1319,1637,4 1975,998,3129,1667,13 536,1702,926,2067,5 1677,1729,2098,2190,1 3017,1674,3307,1999,5
/home/oliv/Documents/mlHollf/TrainYourOwnYOLO/Data/Source_Images/Training_Images/vott-csv-export/a0200322_222126.jpg 1090,1261,3362,1357,2 881,820,1271,1268,1 2378,762,2651,1333,3 1701,1360,2080,2030,4 2887,1343,3304,1743,5
/home/oliv/Documents/mlHollf/TrainYourOwnYOLO/Data/Source_Images/Training_Images/vott-csv-export/a0200322_222147.jpg 577,1459,3632,1599,2 328,892,867,1538,5 3314,926,3799,1486,1 3273,670,3830,929,6 2094,1524,3109,2033,23 1209,1562,1660,2641,3
/home/oliv/Documents/mlHollf/TrainYourOwnYOLO/Data/Source_Images/Training_Images/vott-csv-export/a0200322_222143.jpg 447,1862,3540,2037,2 437,1544,1698,1978,13 293,2023,782,2457,5 1636,1975,1998,2409,5 3065,1924,3386,2296,5 2415,1439,2665,1931,3 3027,1401,3242,1879,4 3649,1664,3932,2119,12
/home/oliv/Documents/mlHollf/TrainYourOwnYOLO/Data/Source_Images/Training_Images/vott-csv-export/a0200322_222204.jpg 1182,1394,3119,1572,2 967,1268,1209,1828,6 2002,1018,2374,1456,3 1619,1421,2005,2231,4 2562,1408,2935,2149,4 3174,1138,3550,1664,12
/home/oliv/Documents/mlHollf/TrainYourOwnYOLO/Data/Source_Images/Training_Images/vott-csv-export/a0200322_222155.jpg 2330,704,2532,2204,2 1650,1565,2378,1862,17 2460,943,3034,1240,7 2514,1370,2846,1794,12 2121,2183,2747,2436,6 2176,441,2634,728,22
/home/oliv/Documents/mlHollf/TrainYourOwnYOLO/Data/Source_Images/Training_Images/vott-csv-export/a0200322_222150.jpg 915,1257,3372,1469,14 676,1128,949,1736,6 1411,752,1766,1329,3 2432,803,2795,1278,3 3447,1114,3707,1558,12 2771,1435,3106,1941,4 2128,1428,2436,1797,5
/home/oliv/Documents/mlHollf/TrainYourOwnYOLO/Data/Source_Images/Training_Images/vott-csv-export/a0200322_222153.jpg 1030,1052,3473,1162,2 1260,564,1626,1093,1 2180,376,2450,1090,4 3386,912,3604,1411,6 2760,1237,3167,1497,16 1525,1229,2007,1496,21 926,1011,1192,2347,4
/home/oliv/Documents/mlHollf/TrainYourOwnYOLO/Data/Source_Images/Training_Images/vott-csv-export/a0200322_222158.jpg 560,1476,3379,1579,2 1380,929,2965,1551,23 464,1165,905,1497,5 3242,1558,3608,2050,1 3140,2026,3724,2293,6
/home/oliv/Documents/mlHollf/TrainYourOwnYOLO/Data/Source_Images/Training_Images/vott-csv-export/a0200322_222207.jpg 420,1213,833,2347,3 2467,1172,2716,1743,4 560,1145,3581,1206,2 1168,670,1670,1155,1 1151,485,1705,659,6 1916,912,2320,1179,15 3324,875,3700,1165,5